TimeStamp(s),FrameCounter,AccX,AccY,AccZ,GyrX,GyrY,GyrZ,EulerX,EulerY,EulerZ
0.01,1,0.006,-1.008,0.015,0.057295800000000015,-0.6875496,0.1718874,90.79665426,0.44117766,-22.68340722
0.02,2,0.005,-1.008,0.011,0.11459160000000003,-0.6875496,0.1718874,90.79665426,0.43544808,-22.69486638
0.03,3,0.003,-1.008,0.012,0.11459160000000003,-0.7448454000000001,0.22918320000000006,90.79665426,0.43544808,-22.70059596
0.04,4,0.001,-1.006,0.011,0.057295800000000015,-0.6875496,0.22918320000000006,90.79665426,0.43544808,-22.70632554
0.05,5,0.0,-1.007,0.014,0.1718874,-0.3437748,0.11459160000000003,90.6706035,0.4010706000000001,-22.69486638
0.060000000000000005,6,0.0,-1.009,0.012,0.1718874,0.057295800000000015,0.0,90.6706035,0.39534102,-22.69486638
0.06999999999999999,7,0.0,-1.012,0.008,0.0,0.5156622000000001,0.0,90.6706035,0.39534102,-22.6891368
0.08,8,0.001,-1.014,0.008,0.0,0.6875496,0.0,90.6706035,0.39534102,-22.68340722
0.09,9,0.001,-1.012,0.01,0.0,0.6875496,0.057295800000000015,90.6706035,0.39534102,-22.67194806
0.09999999999999999,10,0.004,-1.015,0.011,-0.11459160000000003,0.8594370000000001,0.11459160000000003,90.60757812,0.39534102,-22.66621848
0.11,11,0.004,-1.015,0.008,-0.5156622000000001,1.0313244,0.1718874,90.60184854,0.39534102,-22.654759320000004
0.12,12,0.005,-1.013,0.004,-1.0886202,1.145916,0.22918320000000006,90.59038938,0.38961144,-22.64330016
0.13,13,0.004,-1.013,0.003,-1.3750992,1.0886202,0.1718874,90.57320064,0.38961144,-22.631841
0.14,14,0.003,-1.01,0.001,-1.4896908000000002,1.0886202,0.22918320000000006,90.5560119,0.38388186,-22.62038184
0.15000000000000002,15,0.002,-1.009,-0.005,-1.6615782,1.145916,0.1718874,90.4987161,0.38388186,-22.60892268
0.16,16,0.002,-1.008,-0.008,-1.7761698,1.5469866,0.1718874,90.48152736,0.37815228,-22.59173394
0.17,17,0.003,-1.007,-0.006999999999999999,-1.6615782,1.6615782,0.11459160000000003,90.46433862,0.37815228,-22.5745452
0.18000000000000002,18,0.006999999999999999,-1.008,-0.005,-1.6042823999999998,1.2605076000000002,0.0,90.44714988,0.37815228,-22.56308604
0.19,19,0.013,-1.01,-0.004,-2.0626488000000003,0.9740286,-0.11459160000000003,90.42996114,0.37815228,-22.55735646
0.2,20,0.019,-1.014,-0.006999999999999999,-2.9220857999999996,0.6875496,-0.057295800000000015,90.36693576,0.4010706000000001,-22.55735646
0.21000000000000002,21,0.023,-1.02,-0.015,-3.5523396000000003,0.4010706,0.057295800000000015,90.3268287,0.39534102,-22.55162688
0.22,22,0.022,-1.024,-0.021,-3.8961144,0.0,0.4010706,90.28672164,0.39534102,-22.55162688
0.23,23,0.02,-1.026,-0.026,-4.4117766,-0.6875496,0.7448454000000001,90.240885,0.38388186,-22.56308604
0.24000000000000002,24,0.016,-1.023,-0.031,-5.042030400000002,-1.6615782,1.0313244,90.18931878,0.3724227000000001,-22.58027478
0.25,25,0.009000000000000001,-1.018,-0.033,-5.7868758000000025,-2.6356068,1.0313244,90.11483424,0.36669312,-22.6031931
0.26,26,0.005,-1.016,-0.037000000000000005,-6.703608600000001,-3.3231564,0.6302538000000001,90.04607927999999,0.36096354,-22.63757058
0.27,27,-0.001,-1.006,-0.039,-7.8495246,-4.010706000000001,0.0,89.96586515999998,0.36096354,-22.67767764
0.28,28,-0.008,-0.995,-0.027000000000000003,-8.5370742,-3.9534102,-0.8021411999999999,89.87992145999998,0.36669312,-22.7177847
0.29000000000000004,29,-0.01,-0.992,-0.014,-8.479778399999999,-2.6356068,-1.432395,89.79397776,0.38388186,-22.7464326
0.3,30,-0.01,-0.996,-0.009000000000000001,-8.479778399999999,-1.2032118,-1.7761698,89.6965749,0.39534102,-22.75789176
0.31,31,-0.006,-1.004,-0.003,-8.59437,1.3750992,-1.7761698,89.6106312,0.41252976,-22.7464326
0.32,32,-0.001,-1.014,0.003,-8.307891,2.578311,-1.2032118,89.5246875,0.42398892,-22.72351428
0.33,33,0.003,-1.028,0.0,-8.5370742,3.0366774,-0.5156622000000001,89.4387438,0.4297185000000001,-22.69486638
0.34,34,0.011,-1.038,-0.004,-9.224623800000002,3.4377480000000005,0.057295800000000015,89.34707052,0.4297185000000001,-22.6604889
0.35000000000000003,35,0.013,-1.041,-0.01,-10.255948199999999,3.666931200000001,0.4010706,89.23247891999998,0.42398892,-22.62611142
0.36000000000000004,36,0.013,-1.037,-0.018000000000000002,-11.2872726,3.7815227999999994,0.4583664000000001,89.11788732,0.41825934,-22.58600436
0.37,37,0.014,-1.03,-0.028,-12.1467096,3.724227,0.22918320000000006,88.99756613999998,0.41252976,-22.55162688
0.38,38,0.015,-1.027,-0.034,-13.0061466,3.3231564,0.22918320000000006,88.8657858,0.41252976,-22.52297898
0.39,39,0.012,-1.021,-0.039,-13.8655836,2.4637194,0.22918320000000006,88.7225463,0.40680018,-22.49433108
0.4,40,0.011,-1.016,-0.046,-14.381245800000002,1.5469866,0.286479,88.56784764,0.40680018,-22.48287192
0.41000000000000003,41,0.011,-1.009,-0.044,-14.7250206,1.3178034,0.4010706,88.41887856000002,0.4010706000000001,-22.47141276
0.42000000000000004,42,0.009000000000000001,-1.002,-0.043,-14.266654199999998,0.5156622000000001,0.6302538000000001,88.26990948,0.38961144,-22.46568318
0.43,43,0.004,-1.004,-0.038,-14.152062599999999,-0.22918320000000006,0.9167328,88.12666998,0.38388186,-22.47141276
0.44,44,0.002,-1.008,-0.037000000000000005,-14.381245800000002,0.0,1.2032118,87.98343048000002,0.36669312,-22.47141276
0.45,45,-0.004,-1.009,-0.035,-14.667724800000002,1.2605076000000002,1.7188740000000002,87.82873182,0.34950438,-22.4599536
0.46,46,-0.008,-1.009,-0.034,-15.0687954,1.6615782,2.291832,87.67403316,0.32085648,-22.44276486
0.47000000000000003,47,-0.009000000000000001,-1.011,-0.035,-15.4125702,2.4637194,2.7501984,87.5193345,0.29220857999999994,-22.41984654
0.48000000000000004,48,-0.006999999999999999,-1.015,-0.041,-15.756345000000001,3.2085648,3.151269,87.35890626,0.26356068,-22.39119864
0.49,49,-0.009000000000000001,-1.014,-0.046,-16.042824000000003,3.666931200000001,3.2658606,87.19274844,0.22918320000000003,-22.35109158
0.5,50,-0.013,-1.009,-0.047,-15.813640800000002,3.666931200000001,3.3231564,87.03232019999999,0.19480572,-22.3167141
0.51,51,-0.015,-1.013,-0.049,-15.6417534,4.010706000000001,3.3804522000000006,86.87189196,0.16042824,-22.27660704
0.52,52,-0.015,-1.013,-0.053,-16.2147114,4.297185,3.4950437999999995,86.70573413999998,0.12605075999999998,-22.2307704
0.53,53,-0.014,-1.008,-0.054000000000000006,-16.673077799999998,4.297185,3.724227,86.53384674,0.0859437,-22.19066334
0.54,54,-0.01,-1.009,-0.056,-16.8449652,4.4690724,4.0680017999999984,86.36768892,0.04583664,-22.14482670000001
0.55,55,-0.004,-1.009,-0.057,-16.959556799999998,4.6982556,4.297185,86.19007194,0.00572958,-22.09899006
0.56,56,-0.003,-1.008,-0.055,-17.303331600000003,4.3544808,4.4117766,86.01245496,-0.03437748,-22.05315342
0.5700000000000001,57,-0.005,-1.006,-0.051,-17.6471064,4.4690724,4.4117766,85.83483798,-0.08021412,-22.007316780000004
0.5800000000000001,58,-0.009000000000000001,-1.006,-0.051,-18.162768600000003,4.1825934,4.4690724,85.65149142,-0.12605075999999998,-21.96720972
0.59,59,-0.008,-1.007,-0.056,-19.0222056,4.010706000000001,4.5263682,85.45668570000002,-0.16615782,-21.92137308
0.6,60,-0.005,-1.004,-0.064,-19.5378678,4.4117766,4.8128472,85.25615040000002,-0.21772404,-21.87553644
0.61,61,-0.005,-1.003,-0.076,-18.907614000000002,3.2085648,5.443101,85.06134468,-0.26929026,-21.84115896
0.62,62,-0.003,-1.008,-0.086,-18.8503182,2.0053530000000004,6.016058999999999,84.87226854000002,-0.33231564,-21.81824064
0.63,63,-0.002,-1.01,-0.092,-19.480572,1.0313244,6.0733548,84.67173324000002,-0.38961144,-21.80678148
0.64,64,-0.006,-1.002,-0.094,-20.340009,0.0,5.72958,84.46546836,-0.4526368200000001,-21.8010519
0.65,65,-0.011,-0.996,-0.097,-21.0848544,-0.6302538000000001,5.2712136,84.24774432000002,-0.5042030399999999,-21.80678148
0.66,66,-0.011,-0.993,-0.104,-21.9442914,-1.2032118,4.8128472,84.0242907,-0.55576926,-21.81824064
0.67,67,-0.012,-0.989,-0.112,-22.5745452,-1.7188740000000002,4.5263682,83.7951075,-0.6016058999999999,-21.829699800000004
0.68,68,-0.012,-0.988,-0.111,-22.7464326,-2.1772404,4.4117766,83.5659243,-0.65317212,-21.85261812
0.6900000000000001,69,-0.011,-0.994,-0.111,-23.376686399999997,-2.6356068,4.2398892,83.33101152,-0.69900876,-21.87553644
0.7000000000000001,70,-0.008,-0.995,-0.116,-25.0955604,-2.4637194,4.010706000000001,83.07318042,-0.7391158200000001,-21.89845476
0.7100000000000001,71,-0.006,-0.981,-0.118,-25.0382646,-0.9167328,3.7815227999999994,82.81534932000002,-0.7792228800000001,-21.90418434
0.72,72,-0.009000000000000001,-0.979,-0.118,-24.4653066,-0.22918320000000006,3.8961144,82.56897738,-0.8250595199999999,-21.90418434
0.73,73,-0.011,-0.981,-0.125,-25.210152,-0.286479,4.1825934,82.31114628,-0.86516658,-21.90418434
0.74,74,-0.012,-0.981,-0.128,-26.1841806,-0.1718874,4.2398892,82.04758559999998,-0.91100322,-21.90418434
0.75,75,-0.012,-0.982,-0.142,-26.929026,0.0,3.8388186,81.77256575999998,-0.95111028,-21.90418434
0.76,76,-0.012,-0.982,-0.152,-27.788463,-0.22918320000000006,3.5523396000000003,81.48608676,-0.9912173399999998,-21.90418434
0.77,77,-0.013,-0.979,-0.159,-28.4187168,-0.5156622000000001,3.0366774,81.19960776,-1.01986524,-21.90418434
0.78,78,-0.017,-0.98,-0.161,-28.7051958,-0.6875496,2.5210152000000003,80.90739918,-1.04851314,-21.90991392
0.79,79,-0.021,-0.983,-0.152,-28.361421000000004,-0.572958,2.4637194,80.62092018,-1.07716104,-21.9156435
0.8,80,-0.024,-0.977,-0.138,-28.304125199999998,-0.057295800000000015,2.6356068,80.33444118,-1.11153852,-21.9156435
0.81,81,-0.023,-0.979,-0.139,-28.8770832,0.572958,2.578311,80.04223259999998,-1.13445684,-21.90991392
0.8200000000000001,82,-0.021,-0.989,-0.151,-30.4813656,1.2032118,2.3491278,79.73283528,-1.16310474,-21.89845476
0.8300000000000001,83,-0.021,-0.992,-0.16899999999999998,-31.79916900000001,1.6042823999999998,2.1772404,79.40624921999998,-1.18029348,-21.88126602
0.8400000000000001,84,-0.023,-0.993,-0.182,-32.142943800000005,1.2605076000000002,2.4064236,79.07966316,-1.20894138,-21.86407728
0.85,85,-0.02,-0.993,-0.187,-32.544014399999995,1.9480572,2.7501984,78.74734751999998,-1.2318597,-21.84115896
0.86,86,-0.013,-0.976,-0.17600000000000002,-31.741873200000004,3.8961144,2.6929026,78.42649104,-1.25477802,-21.8010519
0.87,87,-0.01,-0.964,-0.17600000000000002,-30.9970278,6.130650599999999,2.86479,78.10563456,-1.27769634,-21.73802652
0.88,88,-0.013,-0.97,-0.179,-31.8564648,7.7922288,3.4950437999999995,77.7790485,-1.30061466,-21.657812399999997
0.89,89,-0.014,-0.976,-0.17600000000000002,-33.0596766,9.3392154,4.1252976000000015,77.44100327999998,-1.32926256,-21.56613912
0.9,90,-0.017,-0.978,-0.191,-33.4607472,9.9121734,5.2712136,77.09722848,-1.36364004,-21.457277100000002
0.91,91,-0.024,-0.981,-0.224,-34.1482968,9.740286,6.417129599999999,76.7477241,-1.40947668,-21.35414466
0.92,92,-0.035,-0.98,-0.234,-35.0077338,9.5111028,6.703608600000001,76.38676056,-1.4610428999999998,-21.25101222
0.93,93,-0.046,-0.972,-0.237,-35.3515086,8.9381448,6.4744254,76.02579702,-1.50687954,-21.14787978
0.9400000000000001,94,-0.057,-0.967,-0.246,-35.3515086,6.760904399999999,5.6722842,75.66483348,-1.5527161800000002,-21.07339524
0.9500000000000001,95,-0.059,-0.955,-0.241,-36.1536498,6.6463128000000005,4.1252976000000015,75.29241078,-1.5813640800000002,-21.00464028
0.9600000000000001,96,-0.053,-0.949,-0.245,-35.809875,8.5370742,2.578311,74.92571766,-1.59282324,-20.91869658
0.97,97,-0.042,-0.959,-0.252,-35.7525792,10.7143146,1.4896908000000002,74.55902454,-1.5870936600000003,-20.80983456
0.98,98,-0.039,-0.965,-0.249,-34.5493674,13.0634424,1.145916,74.20379058,-1.56990492,-20.6837838
0.99,99,-0.039,-0.978,-0.249,-33.403451399999994,15.0687954,1.6615782,73.8542862,-1.5527161800000002,-20.5405443
1.0,100,-0.039,-0.987,-0.257,-33.518043,16.558486199999994,2.1199446,73.51051140000001,-1.53552744,-20.38011606
1.01,101,-0.039,-0.995,-0.281,-33.5753388,16.7876694,2.1199446,73.16100702,-1.51260912,-20.21395824
1.02,102,-0.042,-0.99,-0.285,-33.231564,16.501190400000002,1.3750992,72.81723222,-1.4896908000000002,-20.05353
1.03,103,-0.048,-0.975,-0.275,-32.486718599999996,16.272007199999994,-0.1718874,72.479187,-1.44385416,-19.90456092
1.04,104,-0.047,-0.967,-0.255,-33.002380800000005,16.615782,-2.1199446,72.14114178,-1.38655836,-19.75559184
1.05,105,-0.033,-0.946,-0.23,-33.6326346,19.4232762,-4.0680017999999984,71.79736698,-1.29488508,-19.58370444
1.06,106,-0.017,-0.924,-0.242,-33.231564,23.6058696,-5.3285094000000015,71.45359218,-1.18029348,-19.38316914
1.07,107,0.0,-0.925,-0.266,-33.2888598,25.7258142,-5.6149884000000005,71.1040878,-1.05424272,-19.15971552
1.08,108,0.009000000000000001,-0.944,-0.279,-32.830493399999995,25.78311,-4.6409598,70.76604258,-0.93965112,-18.936261899999998
1.09,109,0.011,-0.957,-0.29600000000000004,-32.7159018,24.694489800000003,-3.3231564,70.42799735999998,-0.83651868,-18.71280828
1.1,110,0.012,-0.959,-0.309,-32.2002396,22.5172494,-2.1772404,70.09568172,-0.75057498,-18.51227298
1.11,111,0.017,-0.956,-0.309,-31.6845774,20.340009,-1.7761698,69.76909565999999,-0.6703608600000001,-18.334656000000006
1.12,112,0.024,-0.944,-0.303,-31.913760600000003,18.8503182,-2.1772404,69.43678002,-0.59587632,-18.162768600000003
1.1300000000000001,113,0.036000000000000004,-0.937,-0.319,-32.6013102,17.3606274,-3.0366774,69.10446438,-0.5156622000000001,-18.01379952
1.1400000000000001,114,0.045,-0.924,-0.293,-33.9764094,15.126091199999998,-4.1825934,68.75496000000001,-0.4297185000000001,-17.89347834
1.1500000000000001,115,0.051,-0.8959999999999999,-0.28,-34.4347758,14.0947668,-5.6149884000000005,68.40545562,-0.32658606,-17.78461632
1.1600000000000001,116,0.055,-0.884,-0.301,-36.1536498,15.5844576,-7.448453999999999,68.03876249999999,-0.20626488,-17.67002472
1.17,117,0.077,-0.8809999999999999,-0.316,-37.24227,16.1001198,-8.9954406,67.65488064,-0.07448454,-17.561162699999993
1.18,118,0.1,-0.897,-0.336,-37.0130868,14.8396122,-10.0840608,67.27672836,0.06302537999999999,-17.46375984
1.19,119,0.111,-0.9,-0.35100000000000003,-37.9871154,13.464512999999998,-9.453807000000001,66.88711692,0.19480572,-17.37781614
1.2,120,0.127,-0.885,-0.35200000000000004,-40.164355799999996,11.516455800000001,-6.760904399999999,66.48031674,0.30366774,-17.303331600000003
1.21,121,0.14,-0.855,-0.349,-42.05511720000001,8.7662574,-2.8074942000000003,66.05632782,0.35523396,-17.24030622
1.22,122,0.153,-0.8240000000000001,-0.3670000000000001,-42.62807520000001,4.7555514,0.4583664000000001,65.62087973999999,0.36669312,-17.19446958
1.23,123,0.17600000000000002,-0.79,-0.391,-43.20103320000001,-0.6875496,3.0366774,65.17970208,0.33231564,-17.19446958
1.24,124,0.191,-0.7609999999999999,-0.387,-41.3102718,-8.250595200000001,3.8388186,64.76144274,0.25783110000000004,-17.251765380000002
1.25,125,0.204,-0.747,-0.387,-40.2216516,-15.6417534,2.5210152000000003,64.35464255999999,0.18334656,-17.39500488
1.26,126,0.227,-0.745,-0.373,-37.0130868,-20.454600600000006,0.1718874,63.98221986,0.09740286,-17.57835144
1.27,127,0.245,-0.7959999999999999,-0.371,-34.7212548,-23.4339822,-2.291832,63.63271548,0.01718874,-17.80180506
1.28,128,0.252,-0.831,-0.386,-34.60666320000001,-28.934379,-3.666931200000001,63.2832111,-0.06875496,-18.08255448
1.29,129,0.257,-0.8590000000000001,-0.393,-31.79916900000001,-34.8931422,-3.3804522000000006,62.962354620000006,-0.19480572,-18.409140540000006
1.3,130,0.25,-0.879,-0.361,-28.4187168,-41.0810886,-2.2345362,62.68733478,-0.33231564,-18.793022399999998
1.31,131,0.234,-0.893,-0.35700000000000004,-26.298772200000002,-47.6128098,-1.6615782,62.42950368,-0.52712136,-19.22847048
1.32,132,0.249,-0.913,-0.35700000000000004,-23.8923486,-52.3110654,-2.7501984,62.20032048,-0.73338624,-19.704025620000003
1.33,133,0.256,-0.951,-0.426,-23.491278,-59.30115299999999,-4.1825934,61.97686686,-0.95683986,-20.2540653
1.34,134,0.255,-0.988,-0.502,-23.204799,-64.6869582,-6.302537999999998,61.75914282,-1.19175264,-20.8556712
1.35,135,0.209,-1.041,-0.5920000000000001,-23.835052800000003,-68.2965936,-10.1986524,61.54141878,-1.4037471,-21.50884332
1.36,136,0.108,-1.112,-0.62,-26.5279554,-63.1972674,-17.246035799999998,61.29504684,-1.53552744,-22.15055628
1.37,137,-0.004,-1.17,-0.606,-32.658606,-44.7480198,-26.2414764,60.98564952,-1.5183387000000002,-22.67194806
1.3800000000000001,138,-0.07,-1.14,-0.545,-37.1849742,-25.8977016,-30.93973200000001,60.6189564,-1.36936962,-23.05010034
1.3900000000000001,139,-0.096,-0.95,-0.5429999999999999,-39.19032720000001,-27.444688199999998,-23.7204612,60.23507453999999,-1.29488508,-23.4053343
1.4000000000000001,140,-0.087,-0.795,-0.524,-34.66395900000001,-38.961144,-9.9121734,59.89129974,-1.4037471,-23.79494574
1.4100000000000001,141,-0.102,-0.7829999999999999,-0.508,-29.2781538,-42.5134836,-1.432395,59.60482074,-1.59855282,-24.17309802
1.42,142,-0.121,-0.8290000000000001,-0.501,-27.501984000000004,-40.2789474,0.6875496,59.34126005999999,-1.79908812,-24.522602400000004
1.43,143,-0.105,-0.8859999999999999,-0.482,-26.4706596,-39.3622146,-1.4896908000000002,59.08915854000001,-1.9767051,-24.87210678000001
1.44,144,-0.075,-0.915,-0.452,-26.929026,-36.955791,-5.6149884000000005,58.83705702,-2.11421502,-25.22161116
1.45,145,-0.042,-0.899,-0.451,-27.2728008,-31.627281600000003,-9.1100322,58.57922592,-2.19442914,-25.54246764
1.46,146,-0.031,-0.85,-0.498,-27.1582092,-26.69984280000001,-11.516455800000001,58.31566524000001,-2.2345362,-25.82894664
1.47,147,-0.052000000000000005,-0.7909999999999999,-0.511,-26.7571386,-24.5226024,-12.3758928,58.05783414,-2.25172494,-26.109696060000005
1.48,148,-0.118,-0.77,-0.514,-25.0955604,-24.923673,-11.229976800000001,57.81719178,-2.28610242,-26.37898632000001
1.49,149,-0.214,-0.778,-0.4970000000000001,-24.350715,-26.5279554,-8.479778399999999,57.58227900000001,-2.3491277999999998,-26.65400616
1.5,150,-0.285,-0.784,-0.454,-24.4080108,-26.356068,-6.016058999999999,57.35309579999999,-2.4637194,-26.9003781
1.51,151,-0.311,-0.78,-0.468,-22.5745452,-24.4653066,-3.666931200000001,57.13537176,-2.5611222600000003,-27.1295613
1.52,152,-0.305,-0.7709999999999999,-0.46,-21.3140376,-21.027558600000006,-3.151269,56.92910687999999,-2.64706596,-27.32436702
1.53,153,-0.289,-0.752,-0.447,-19.8816426,-16.386598799999998,-4.0680017999999984,56.74003074,-2.69863218,-27.49052484
1.54,154,-0.268,-0.745,-0.467,-18.449247600000003,-12.0894138,-4.9274388,56.55668418000001,-2.72728008,-27.6165756
1.55,155,-0.25,-0.765,-0.478,-17.18874,-9.3965112,-5.2712136,56.39052636,-2.77311672,-27.71970804
1.56,156,-0.253,-0.789,-0.481,-16.501190400000002,-6.703608600000001,-5.2139178,56.23009812,-2.76165756,-27.805651739999995
1.57,157,-0.275,-0.805,-0.472,-16.558486199999994,-4.4117766,-4.6409598,56.06394029999999,-2.7501984,-27.86867712
1.58,158,-0.299,-0.809,-0.481,-17.0741484,-1.432395,-3.8388186,55.892052899999996,-2.72728008,-27.903054600000004
1.59,159,-0.321,-0.8109999999999999,-0.468,-17.5325148,1.0886202,-2.8074942000000003,55.71443592000001,-2.70436176,-27.908784180000005
1.6,160,-0.325,-0.8109999999999999,-0.441,-17.0741484,3.2658606,-1.2032118,55.55400768,-2.7501984,-27.86867712
1.61,161,-0.31,-0.8079999999999999,-0.45,-16.4438946,5.5576926,0.057295800000000015,55.38784986,-2.72728008,-27.82284048
1.62,162,-0.28,-0.81,-0.453,-16.673077799999998,9.740286,0.3437748,55.21023288,-2.67571386,-27.74262636
1.6300000000000001,163,-0.238,-0.795,-0.448,-16.673077799999998,14.266654199999998,0.286479,55.03261590000001,-2.6069589,-27.62230518
1.6400000000000001,164,-0.197,-0.775,-0.426,-16.386598799999998,18.5638392,0.7448454000000001,54.86072849999999,-2.50955604,-27.461876940000003
1.6500000000000001,165,-0.158,-0.736,-0.41,-16.558486199999994,21.4286292,1.8334656000000005,54.68311152,-2.42361234,-27.2728008
1.6600000000000001,166,-0.122,-0.7040000000000001,-0.416,-16.7876694,21.4286292,3.2085648,54.50549454,-2.3376686399999995,-27.08372466
1.6700000000000002,167,-0.1,-0.691,-0.416,-18.048177,19.595163600000006,4.297185,54.31068882,-2.2631841,-26.89464852
1.68,168,-0.115,-0.71,-0.454,-17.5325148,19.767051,5.72958,54.12161268,-2.2058883,-26.699842800000006
1.69,169,-0.101,-0.782,-0.652,-21.772404,23.7204612,6.302537999999998,53.89242948,-2.12567418,-26.4706596
1.7,170,0.025,-0.923,-1.002,-32.2002396,18.907614000000002,7.333862400000001,53.54865468000001,-2.07983754,-26.27585388
1.71,171,0.075,-1.02,-0.725,-34.4920716,-12.4331886,11.917526400000002,53.1991503,-2.25172494,-26.30450178
1.72,172,0.139,-0.802,-0.32,-38.0444112,-20.454600600000006,5.958763200000001,52.82099802000001,-2.41788276,-26.43628212
1.73,173,0.083,-0.499,-0.473,-51.279741,0.286479,-14.266654199999998,52.30533582,-2.30902074,-26.52222582
1.74,174,0.017,-0.4970000000000001,-0.584,-45.6647526,9.5111028,-25.2674478,51.84123984,-2.0626488000000003,-26.60243994
1.75,175,-0.002,-0.604,-0.514,-40.4508348,11.8029348,-25.210152,51.42871008000001,-1.79908812,-26.66546532
1.76,176,0.003,-0.762,-0.472,-40.737313799999995,14.266654199999998,-18.334656,51.01618032,-1.5756344999999998,-26.6711949
1.77,177,-0.066,-0.909,-0.546,-44.4615408,10.3705398,-7.448453999999999,50.5635435,-1.4610428999999998,-26.63681742
1.78,178,-0.166,-0.955,-0.579,-50.0765292,9.224623800000002,0.9740286,50.05361088,-1.4209358399999998,-26.562332880000003
1.79,179,-0.238,-0.894,-0.579,-52.2537696,15.5844576,3.6096354,49.51503036,-1.3579104599999998,-26.41909338
1.8,180,-0.242,-0.823,-0.625,-54.3164184,22.631841,2.291832,48.959261100000006,-1.25477802,-26.23001724
1.81,181,-0.175,-0.784,-0.6709999999999999,-55.86340500000001,23.835052800000003,0.11459160000000003,48.38057352000001,-1.11153852,-26.04667068
1.82,182,-0.076,-0.7709999999999999,-0.665,-54.602897399999996,22.8037284,-2.4064236,47.82480425999999,-0.95683986,-25.891972020000004
1.83,183,0.053,-0.7809999999999999,-0.7070000000000001,-54.20182679999999,22.631841,-4.297185,47.269035,-0.7849524600000001,-25.7544621
1.84,184,0.16399999999999998,-0.807,-0.713,-54.08723520000001,19.938938399999998,-4.7555514,46.71326574,-0.6302538000000001,-25.6398705
1.85,185,0.221,-0.8290000000000001,-0.6629999999999999,-54.3737142,17.131444199999994,-3.3804522000000006,46.16322606,-0.48128472,-25.54246764
1.86,186,0.198,-0.8290000000000001,-0.6509999999999999,-55.2331512,15.0114996,-0.7448454000000001,45.60172722,-0.38388186,-25.4393352
1.87,187,0.111,-0.847,-0.66,-55.1758554,13.5791046,1.7761698,45.04022838,-0.30939732,-25.33047318
1.8800000000000001,188,0.038,-0.862,-0.626,-55.9779966,11.45916,3.2085648,44.46727038,-0.26356068,-25.227340739999995
1.8900000000000001,189,0.006999999999999999,-0.8640000000000001,-0.68,-56.8947294,11.688343199999998,2.6356068,43.8885828,-0.20626488,-25.12993788
1.9000000000000001,190,0.006999999999999999,-0.8640000000000001,-0.723,-57.983349600000004,13.8655836,0.9740286,43.30416564,-0.12605075999999998,-25.02680544
1.9100000000000001,191,0.031,-0.8440000000000001,-0.71,-58.0979412,15.2406828,-0.5156622000000001,42.7140189,-0.02291832,-24.923673
1.9200000000000002,192,0.079,-0.813,-0.695,-59.0719698,16.329303,-2.0626488000000003,42.112413,0.09740286,-24.82627014
1.93,193,0.124,-0.789,-0.7020000000000001,-59.35844880000001,15.6417534,-3.2658606,41.50507752,0.22345362,-24.74605602
1.94,194,0.155,-0.777,-0.713,-59.186561399999995,13.120738199999998,-3.724227,40.90347162,0.33231564,-24.68876022
1.95,195,0.156,-0.768,-0.6559999999999999,-60.67625219999999,10.8289062,-3.7815227999999994,40.29613614,0.44117766,-24.64865316
1.96,196,0.125,-0.741,-0.626,-61.9367598,9.453807000000001,-3.3231564,39.66588234,0.52139178,-24.61427568
1.97,197,0.117,-0.731,-0.675,-60.8481396,8.4224826,-3.8388186,39.04708770000001,0.6016058999999999,-24.59135736
1.98,198,0.129,-0.748,-0.664,-60.5616606,7.6203414,-4.6409598,38.43402264,0.68182002,-24.57416862
1.99,199,0.136,-0.76,-0.6920000000000001,-59.7022236,8.5370742,-5.1566220000000005,37.82668716,0.76776372,-24.56270946
2.0,200,0.13699999999999998,-0.759,-0.73,-61.24921020000001,8.021412000000002,-5.2139178,37.2136221,0.86516658,-24.55697988
2.01,201,0.123,-0.74,-0.7290000000000001,-61.5356892,5.5003968,-5.1566220000000005,36.5833683,0.92819196,-24.56270946
2.02,202,0.115,-0.7140000000000001,-0.715,-61.4783934,2.578311,-5.1566220000000005,35.95884408,0.96829902,-24.59135736
2.03,203,0.11,-0.674,-0.693,-60.733548000000006,0.0,-5.1566220000000005,35.34004944,0.9912173399999998,-24.631464420000004
2.04,204,0.113,-0.6409999999999999,-0.6659999999999999,-62.2805346,-3.0939732,-5.3285094000000015,34.70979564,0.9912173399999998,-24.694489800000003
2.05,205,0.117,-0.614,-0.6579999999999999,-63.02538000000001,-6.130650599999999,-5.3285094000000015,34.07381226,0.96829902,-24.77470392
2.0599999999999996,206,0.13,-0.604,-0.6729999999999999,-63.7129296,-7.8495246,-5.6149884000000005,33.42636972,0.92819196,-24.8663772
2.07,207,0.135,-0.588,-0.655,-63.9994086,-9.0527364,-6.417129599999999,32.77892718,0.8823553199999999,-24.96950964
2.0799999999999996,208,0.125,-0.578,-0.69,-62.5097178,-9.0527364,-7.5630456000000015,32.142943800000005,0.83651868,-25.08410124000001
2.09,209,0.114,-0.585,-0.727,-61.24921020000001,-8.7089616,-8.9954406,31.51841958,0.8078707799999998,-25.210152
2.0999999999999996,210,0.083,-0.593,-0.732,-59.58763199999999,-9.5111028,-10.7143146,30.922543260000005,0.7792228800000001,-25.34766192
2.11,211,0.036000000000000004,-0.5760000000000001,-0.7509999999999999,-57.2958,-9.6829902,-12.2040054,30.3381261,0.75057498,-25.50809016
2.1199999999999997,212,0.016,-0.5710000000000001,-0.754,-54.14453099999999,-10.313244,-13.6364004,29.78808642,0.72192708,-25.67424798
2.13,213,0.032,-0.565,-0.758,-52.0818822,-11.0007936,-14.896907999999998,29.26096506,0.69900876,-25.85759454
2.1399999999999997,214,0.07200000000000001,-0.575,-0.772,-50.47759979999999,-13.178034,-15.3552744,28.74530286,0.65317212,-26.05812984
2.15,215,0.101,-0.581,-0.735,-49.1025006,-15.5844576,-14.8396122,28.25828856,0.59014674,-26.264394719999995
2.1599999999999997,216,0.118,-0.573,-0.736,-46.982556,-16.615782,-13.8082878,27.77700384,0.5042030399999999,-26.4706596
2.17,217,0.116,-0.573,-0.772,-45.206386200000004,-15.813640800000002,-13.120738199999998,27.31863744,0.42398892,-26.659735739999995
2.1799999999999997,218,0.1,-0.575,-0.773,-44.51883660000001,-14.381245800000002,-13.0061466,26.8717302,0.34950438,-26.843082300000006
2.19,219,0.051,-0.574,-0.794,-42.8572584,-12.2040054,-13.0634424,26.43628212,0.29793816,-27.0149697
2.1999999999999997,220,0.013,-0.583,-0.831,-40.2216516,-8.136003599999999,-13.407217200000002,26.0409411,0.28074942,-27.16966836
2.21,221,-0.009000000000000001,-0.59,-0.818,-38.67466500000001,-6.130650599999999,-13.6936962,25.64560008,0.28074942,-27.31863744
2.2199999999999998,222,-0.021,-0.588,-0.787,-36.8411994,-4.1252976000000015,-13.8082878,25.27317738,0.29793816,-27.461876940000003
2.23,223,0.0,-0.596,-0.8109999999999999,-35.3515086,-1.3750992,-13.9228794,24.91221384,0.33804522,-27.593657279999995
2.2399999999999998,224,0.033,-0.6,-0.8140000000000001,-34.8358464,0.0,-13.9228794,24.55697988,0.39534102,-27.71970804
2.25,225,0.058,-0.605,-0.818,-33.231564,-0.5156622000000001,-12.891555,24.24185298,0.44690724,-27.83429964
2.26,226,0.076,-0.612,-0.861,-30.65325300000001,-2.1772404,-11.45916,23.92672608,0.46982556,-27.94889124
2.27,227,0.081,-0.615,-0.8809999999999999,-28.819787400000006,-4.1252976000000015,-10.3705398,23.6345175,0.46982556,-28.057753260000005
2.28,228,0.07,-0.616,-0.868,-26.7571386,-6.6463128000000005,-9.9121734,23.36522724000001,0.44690724,-28.17807444
2.29,229,0.051,-0.61,-0.877,-24.923673,-6.6463128000000005,-10.3705398,23.10739614,0.42398892,-28.29839562
2.3,230,0.03,-0.602,-0.8759999999999999,-23.2620948,-5.2712136,-10.7716104,22.90113126,0.41825934,-28.4187168
2.31,231,0.004,-0.597,-0.8390000000000001,-22.4026578,-4.6982556,-10.599723,22.67194806,0.41252976,-28.53330840000001
2.32,232,-0.004,-0.598,-0.8759999999999999,-20.5691922,-3.8388186,-9.8548776,22.4599536,0.41252976,-28.64217042
2.3299999999999996,233,0.01,-0.6,-0.9,-18.8503182,-2.86479,-8.651665800000002,22.27087746,0.41825934,-28.7338437
2.34,234,0.025,-0.595,-0.873,-17.589810600000003,-2.3491278,-6.990087599999999,22.09326048,0.41825934,-28.80259866
2.3499999999999996,235,0.035,-0.579,-0.895,-16.615782,-1.145916,-4.9847345999999995,21.96148014,0.4297185000000001,-28.854164879999995
2.36,236,0.039,-0.565,-0.912,-13.980175199999998,-0.4010706,-3.2658606,21.81824064,0.43544808,-28.888542359999995
2.3699999999999997,237,0.027000000000000003,-0.5579999999999999,-0.873,-11.917526400000002,-0.572958,-2.4064236,21.69791946,0.44117766,-28.91146068
2.38,238,0.016,-0.544,-0.8640000000000001,-9.167328,-0.572958,-2.1199446,21.6005166,0.44117766,-28.934379
2.3899999999999997,239,0.014,-0.526,-0.858,-6.3598338,0.22918320000000006,-2.4637194,21.53749122,0.4526368200000001,-28.95729732
2.4,240,0.023,-0.513,-0.83,-4.4117766,0.1718874,-2.9220857999999996,21.60624618,0.47555514,-28.98594522
2.4099999999999997,241,0.027000000000000003,-0.4970000000000001,-0.852,-2.1199446,-0.4010706,-3.2085648,21.58332786,0.4870143000000001,-29.01459312
2.42,242,0.037000000000000005,-0.483,-0.8640000000000001,0.6875496,-1.432395,-3.2085648,21.59478702,0.48128472,-29.0489706
2.4299999999999997,243,0.064,-0.481,-0.878,3.4950437999999995,-2.6929026,-2.86479,21.629164499999998,0.46982556,-29.08907766
2.44,244,0.092,-0.481,-0.912,7.2192707999999985,-4.4690724,-2.4637194,21.70364904,0.44117766,-29.129184719999994
2.4499999999999997,245,0.099,-0.481,-0.904,10.255948199999999,-5.0993262,-2.0626488000000003,21.83542938,0.4297185000000001,-29.17502136
2.46,246,0.083,-0.485,-0.883,13.120738199999998,-6.3598338,-1.6042823999999998,21.96720972,0.38388186,-29.21512842000001
2.4699999999999998,247,0.045,-0.49,-0.885,17.131444199999994,-7.161975,-1.3178034,22.14482670000001,0.32658606,-29.25523548
2.48,248,0.009000000000000001,-0.511,-0.851,21.8869956,-7.161975,-1.6615782,22.36255074,0.26929026,-29.30107212
2.4899999999999998,249,-0.012,-0.5429999999999999,-0.807,26.4706596,-7.3911582,-2.3491278,22.631841,0.21199446,-29.35263834
2.5,250,-0.008,-0.5710000000000001,-0.8340000000000001,30.93973200000001,-6.760904399999999,-3.3231564,22.9756158,0.16615782,-29.415663720000005
2.51,251,0.03,-0.618,-0.816,35.3515086,-7.1046792000000005,-4.0680017999999984,23.336579340000004,0.12605075999999998,-29.4786891
2.52,252,0.075,-0.6729999999999999,-0.7859999999999999,41.3102718,-9.0527364,-3.8961144,23.75483868,0.06302537999999999,-29.55317364
2.53,253,0.085,-0.72,-0.79,45.0917946,-9.224623800000002,-2.9793816000000004,24.21320508,0.0,-29.621928600000004
2.54,254,0.081,-0.763,-0.773,49.1597964,-8.9954406,-1.7188740000000002,24.71167854,-0.05729580000000001,-29.6792244
2.55,255,0.066,-0.79,-0.76,52.8840234,-9.453807000000001,-0.4010706,25.27890696,-0.13178034,-29.73079062
2.56,256,0.017,-0.7829999999999999,-0.7559999999999999,56.5509546,-9.224623800000002,0.8594370000000001,25.85759454,-0.20626488,-29.765168100000004
2.57,257,-0.029,-0.747,-0.705,60.5616606,-6.990087599999999,1.4896908000000002,26.4706596,-0.26356068,-29.78235684
2.5799999999999996,258,-0.06,-0.723,-0.6629999999999999,65.8328742,-4.4117766,1.2032118,27.14102046,-0.30366774,-29.793816
2.59,259,-0.068,-0.71,-0.616,70.8176088,-1.6042823999999998,0.3437748,27.862947540000004,-0.30939732,-29.79954558
2.5999999999999996,260,-0.042,-0.72,-0.6,77.5785132,0.9167328,0.22918320000000006,28.6765479,-0.29220857999999994,-29.793816
2.61,261,-0.001,-0.738,-0.574,81.8756982,1.2605076000000002,2.0053530000000004,29.507337,-0.28074942,-29.77089768
2.6199999999999997,262,0.018000000000000002,-0.7609999999999999,-0.557,85.7145168,0.057295800000000015,3.8388186,30.37250358,-0.28647900000000004,-29.7365202
2.63,263,0.019,-0.7609999999999999,-0.516,87.49068659999998,-1.0313244,5.72958,31.26058848000001,-0.31512690000000004,-29.69641314
2.6399999999999997,264,0.001,-0.7490000000000001,-0.45,88.06364459999998,-0.6875496,6.417129599999999,32.16013254,-0.33804522,-29.64484692000001
2.65,265,-0.005,-0.758,-0.403,87.1469118,0.7448454000000001,5.6722842,33.07113576,-0.35523396,-29.5932807
2.6599999999999997,266,-0.001,-0.7979999999999999,-0.35600000000000004,85.3134462,1.8907613999999997,5.2712136,33.93630234,-0.35523396,-29.5359849
2.67,267,-0.026,-0.8490000000000001,-0.29100000000000004,82.67783940000002,2.6356068,4.9274388,34.772821019999995,-0.34950438,-29.48441868
2.6799999999999997,268,-0.068,-0.85,-0.25,74.5418358,5.042030400000002,4.1825934,35.52912558,-0.32085648,-29.4213933
2.69,269,-0.092,-0.821,-0.226,67.895523,7.3911582,3.724227,36.21667518,-0.27501984,-29.34117918
2.6999999999999997,270,-0.073,-0.775,-0.221,60.2178858,11.172681,4.0680017999999984,36.86411772,-0.21199446,-29.24377632
2.71,271,-0.028,-0.723,-0.217,51.9672906,11.1153852,5.6149884000000005,37.3855095,-0.14896908,-29.129184719999994
2.7199999999999998,272,0.001,-0.672,-0.179,44.977203,8.479778399999999,7.7922288,37.84387589999999,-0.12605075999999998,-29.01459312
2.73,273,0.041,-0.644,-0.174,36.2682414,8.250595200000001,8.8235532,38.21056902,-0.11459160000000002,-28.89427194
2.7399999999999998,274,0.066,-0.626,-0.18600000000000005,25.1528562,7.6203414,9.2819196,38.46267054,-0.10886202,-28.76822118
2.75,275,0.028,-0.585,-0.156,12.891555,9.5111028,9.453807000000001,38.62309878,-0.09167328,-28.63644084
2.76,276,-0.065,-0.509,-0.103,5.5576926,10.7716104,11.516455800000001,38.68039458,-0.0859437,-28.4760126
2.77,277,-0.123,-0.458,-0.09,3.666931200000001,7.3911582,12.3758928,38.71477206,-0.10313244,-28.332773100000004
2.78,278,-0.147,-0.451,-0.187,-2.7501984,9.9121734,11.8602306,38.68612416,-0.10313244,-28.17807444
2.79,279,-0.129,-0.5,-0.37,-18.9649098,15.527161800000002,9.3392154,38.49131844,-0.04583664,-28.00618704
2.8,280,-0.047,-0.649,-0.602,-39.7632852,22.345362,5.6149884000000005,38.09597742,0.07448454,-27.82284048
2.81,281,-0.036000000000000004,-0.826,-0.778,-57.7541664,22.173474600000002,4.2398892,37.50583068,0.20626488,-27.65095308
2.82,282,-0.053,-1.032,-1.023,-77.062851,28.819787400000006,3.666931200000001,36.72087822,0.4010706000000001,-27.43895862
2.8299999999999996,283,-0.062,-1.223,-1.301,-103.991877,39.0184398,0.3437748,35.66090592,0.6875496,-27.20404584000001
2.84,284,-0.031,-1.402,-1.286,-127.48315500000001,40.5081306,-4.3544808,34.36602084,1.01413566,-26.99778096
2.8499999999999996,285,0.07,-1.56,-1.329,-152.40682800000005,37.41415739999999,-5.042030400000002,32.81903423999999,1.32353298,-26.825893560000004
2.86,286,0.171,-1.586,-1.3230000000000002,-173.83545719999995,35.695283399999994,-1.5469866,31.054323600000004,1.6042824000000002,-26.642547
2.8699999999999997,287,0.16399999999999998,-1.4680000000000002,-1.259,-185.351913,33.002380800000005,2.5210152000000003,29.17502136,1.83919518,-26.447741279999995
2.88,288,0.136,-1.262,-1.073,-191.0241972,27.903054600000004,3.151269,27.23842332,2.03973048,-26.28158346
2.8899999999999997,289,0.099,-0.994,-0.7879999999999999,-195.8943402,24.1788276,2.0053530000000004,25.25598864,2.21734746,-26.14407354
2.9,290,0.114,-0.701,-0.483,-195.1494948,24.064235999999998,0.11459160000000003,23.28501312,2.4064236,-26.03521152
2.9099999999999997,291,0.197,-0.398,-0.28,-191.5398594,19.8816426,-2.6929026,21.3426855,2.57258142,-25.97218614
2.92,292,0.162,-0.182,-0.14800000000000002,-183.8049264,13.178034,-6.990087599999999,19.47484242,2.6929026,-25.9836453
2.9299999999999997,293,0.062,0.0,-0.042,-174.9240774,10.4851314,-8.9954406,17.69867262,2.79030546,-26.02375236
2.94,294,-0.02,0.14300000000000002,0.039,-169.36638480000005,5.443101,-9.3392154,15.974069039999998,2.84760126,-26.09250732000001
2.9499999999999997,295,-0.061,0.247,0.099,-165.58486200000004,-0.6875496,-8.8235532,14.27811336,2.84187168,-26.166991860000003
2.96,296,-0.073,0.333,0.12,-163.23573420000002,-7.161975,-9.5111028,12.61653516,2.77311672,-26.270124300000006
2.9699999999999998,297,-0.043,0.421,0.257,-157.6780416,-6.760904399999999,-9.740286,11.01225276,2.70436176,-26.37325674
2.98,298,-0.005,0.464,0.331,-148.85448839999995,-5.844171599999999,-9.2819196,9.49964364,2.64706596,-26.46493002
2.9899999999999998,299,-0.015,0.47,0.214,-138.42665280000003,-7.6776372,-7.6203414,8.09016696,2.56685184,-26.54514414
3.0,300,-0.03,0.443,0.069,-126.7956054,-5.5003968,-5.7868758000000025,6.77809314,2.50382646,-26.60243994
3.01,301,-0.046,0.379,0.013,-117.8574606,-1.432395,-5.3285094000000015,5.58061092,2.48090814,-26.64827658
3.02,302,0.071,0.333,0.0,-116.310474,7.9641161999999985,-8.7089616,4.40031744,2.5496631,-26.722761119999994
3.03,303,0.311,0.478,0.004,-126.1080558,10.1986524,-13.0061466,3.11116194,2.64706596,-26.83162314
3.04,304,0.436,0.8190000000000001,-0.1,-141.1768512,9.6829902,-10.599723,1.67303736,2.72728008,-26.91756684
3.05,305,0.365,1.118,-0.271,-143.2395,11.4018642,5.042030400000002,0.18907614,2.83041252,-26.85454146
3.06,306,0.238,1.349,-0.612,-132.9835518,10.4278356,16.615782,-1.1459160000000002,2.9220858,-26.67692448
3.07,307,0.249,1.587,-1.032,-103.2470316,-5.1566220000000005,12.3758928,-2.18296998,2.86479,-26.54514414
3.08,308,0.402,1.756,-1.374,-52.139178,-34.8358464,-0.057295800000000015,-2.71009134,2.50955604,-26.533684980000004
3.09,309,0.35200000000000004,1.695,-1.551,-3.3804522000000006,-57.983349600000004,-10.1986524,-2.73873924,1.93086846,-26.62535826
3.0999999999999996,310,0.14,1.336,-1.505,30.194886600000004,-44.4615408,-12.7769634,-2.44080108,1.4896908000000002,-26.745679440000004
3.11,311,-0.101,0.866,-1.4580000000000002,50.9359662,-21.4286292,-3.666931200000001,-1.9194093000000003,1.28342592,-26.7857865
3.1199999999999997,312,-0.413,0.484,-1.325,56.8374336,4.9847345999999995,13.2353298,-1.34072172,1.34072172,-26.659735739999995
3.13,313,-0.6709999999999999,0.302,-1.032,46.982556,35.3515086,25.1528562,-0.8594370000000001,1.70168526,-26.40763422
3.1399999999999997,314,-0.907,0.247,-0.8029999999999999,39.877876799999996,88.98037740000002,22.5172494,-0.45836640000000006,2.58977016,-26.17272144
3.15,315,-0.807,0.342,-1.025,62.051351399999994,152.06305319999996,9.0527364,0.14896908,4.08519054,-26.04667068
3.1599999999999997,316,-0.405,0.491,-1.4,103.6481022,180.30988259999998,-2.578311,1.18029348,5.87854908,-26.0122932
3.17,317,0.6679999999999999,0.48,-2.184,131.89493159999998,150.5733624,-3.0366774,2.50382646,7.385428619999999,-25.96645656
3.1799999999999997,318,0.653,0.404,-3.309,125.1340272,104.2210602,1.432395,3.77006364,8.422482599999999,-25.87478328000001
3.19,319,1.0,0.87,-3.996,101.986524,24.4080108,-10.3705398,4.78992888,8.68604328,-25.96645656
3.1999999999999997,320,1.747,1.433,-3.996,69.6716928,-5.958763200000001,-24.0069402,5.46028974,8.65739538,-26.21855808
3.21,321,1.209,0.563,-3.996,-7.5057497999999985,4.5263682,-17.475219,5.3571573,8.72042076,-26.384715900000003
3.2199999999999998,322,0.5720000000000001,-0.023,-3.738,-92.1889422,44.404245,-33.518043,4.37166954,9.17305758,-26.66546532
3.23,323,0.518,0.284,-2.839,-122.61301200000001,84.56860079999998,-38.5600734,3.0653253000000005,10.01530584,-26.96340348
3.2399999999999998,324,0.586,0.614,-2.365,-131.7230442,69.4425096,-33.403451399999994,1.6673077799999998,10.69712586,-27.2441529
3.25,325,0.505,0.529,-1.241,-88.98037740000002,7.161975,-22.1161788,0.69900876,10.77733998,-27.461876940000003
3.26,326,0.433,0.134,-0.486,-60.2178858,-32.31483119999999,-27.3873924,0.04010706,10.456483500000001,-27.74262636
3.27,327,0.447,-0.054000000000000006,-0.431,-44.2896534,-28.4187168,-27.1582092,-0.4526368200000001,10.1700045,-28.02337578
3.28,328,0.421,-0.02,-0.536,-43.3156248,-28.0176462,-25.553926800000006,-0.93392154,9.883525500000001,-28.28120688000001
3.29,329,0.454,0.126,-0.513,-43.0864416,-30.93973200000001,-19.8816426,-1.39801752,9.568398599999998,-28.48174218
3.3,330,0.401,0.331,-0.424,-43.1437374,-36.955791,-15.4125702,-1.88503182,9.21889422,-28.64217042
3.31,331,0.34600000000000003,0.465,-0.45,-39.7059894,-44.8053156,-12.4331886,-2.30329116,8.7662574,-28.756762020000004
3.32,332,0.316,0.535,-0.439,-30.7678446,-48.529542600000006,-4.0680017999999984,-2.61268848,8.28497268,-28.791139500000003
3.33,333,0.241,0.531,-0.4,-20.2827132,-44.404245,5.6722842,-2.80176462,7.84379502,-28.72238454
3.34,334,0.18,0.467,-0.31,-13.2353298,-35.9244666,10.8289062,-2.91635622,7.49429064,-28.60206336
3.3499999999999996,335,0.12,0.393,-0.238,-8.479778399999999,-28.4187168,11.172681,-3.0080295,7.2192707999999985,-28.48747176
3.36,336,0.065,0.341,-0.264,-4.6409598,-20.511896399999998,8.9954406,-3.04240698,7.018735500000001,-28.390068900000006
3.3699999999999997,337,0.083,0.322,-0.31,-2.4064236,-10.1986524,6.990087599999999,-3.05959572,6.92133264,-28.32131394
3.38,338,0.141,0.344,-0.401,2.0626488000000003,0.7448454000000001,6.589017,-3.03094782,6.9327918,-28.25255898
3.3899999999999997,339,0.206,0.359,-0.536,9.797581800000001,10.313244,7.333862400000001,-2.9220858,7.0416538200000005,-28.18380402
3.4,340,0.236,0.362,-0.6829999999999999,18.621135,19.3659804,8.078707799999998,-2.77311672,7.259377859999999,-28.120778640000005
3.4099999999999997,341,0.278,0.37,-0.841,25.840405800000006,23.835052800000003,8.59437,-2.50382646,7.500020219999999,-28.04056452
3.42,342,0.327,0.379,-1.002,31.79916900000001,25.2674478,9.568398599999998,-2.17151082,7.75785132,-27.94889124
3.4299999999999997,343,0.382,0.3720000000000001,-1.157,37.81522800000001,20.626488,10.0840608,-1.7761698,7.96984578,-27.85148838
3.44,344,0.42,0.336,-1.272,42.28430039999999,12.3758928,10.0840608,-1.3349921400000002,8.10162612,-27.75408552
3.4499999999999997,345,0.4320000000000001,0.258,-1.29,41.596750799999995,5.844171599999999,9.453807000000001,-0.91100322,8.17611066,-27.66814182
3.46,346,0.424,0.152,-1.274,38.10170700000001,-4.1252976000000015,8.193299399999999,-0.5099326200000001,8.14173318,-27.5879277
3.4699999999999998,347,0.3720000000000001,0.067,-1.286,35.122325399999994,-21.485925,7.2765666,-0.14323950000000002,7.929738719999999,-27.51917274
3.48,348,0.266,0.028,-1.262,32.8877892,-43.831287,3.7815227999999994,0.19480572,7.500020219999999,-27.496254420000003
3.4899999999999998,349,0.17600000000000002,-0.005,-1.219,26.41336380000001,-49.847346,-0.6302538000000001,0.46409598,7.01300592,-27.52490232
3.5,350,0.1,-0.029,-1.195,18.7930224,-46.352302200000004,-4.4690724,0.6589017,6.54890994,-27.5879277
3.51,351,0.046,-0.066,-1.166,14.495837400000001,-36.8411994,-6.589017,0.8021412000000001,6.1879464,-27.66814182
3.52,352,0.046,-0.106,-1.136,10.3705398,-26.8717302,-6.417129599999999,0.89954406,5.92438572,-27.74835594
3.53,353,0.041,-0.16899999999999998,-1.08,5.5003968,-22.6891368,-5.9014674000000005,0.95111028,5.700932099999998,-27.8171109
3.54,354,0.071,-0.155,-1.014,-0.22918320000000006,-23.376686399999997,-5.443101,0.9453806999999999,5.4717489000000015,-27.88013628
3.55,355,0.057,-0.15,-0.903,-3.2085648,-24.5226024,-4.6409598,0.93392154,5.22537696,-27.931702500000004
3.56,356,0.027000000000000003,-0.138,-0.818,-5.5003968,-24.7517856,-4.4690724,0.87662574,4.97900502,-27.9889983
3.57,357,-0.011,-0.13699999999999998,-0.784,-6.3598338,-24.1788276,-5.3285094000000015,0.8078707799999998,4.73836266,-28.05202368
3.58,358,-0.048,-0.136,-0.779,-6.990087599999999,-22.2880662,-7.333862400000001,0.73338624,4.5206386200000015,-28.132237800000002
3.59,359,-0.049,-0.14300000000000002,-0.767,-7.0473834,-16.157415599999997,-9.3392154,0.65317212,4.36021038,-28.23537024
3.5999999999999996,360,-0.016,-0.138,-0.76,-5.9014674000000005,-6.760904399999999,-10.4851314,0.61306506,4.27999626,-28.332773100000004
3.61,361,0.034,-0.133,-0.773,-3.7815227999999994,0.5156622000000001,-10.5424272,0.56149884,4.28572584,-28.44163512
3.6199999999999997,362,0.087,-0.121,-0.795,-2.1772404,6.875496000000001,-10.4278356,0.53285094,4.3544808,-28.53903798
3.63,363,0.13699999999999998,-0.104,-0.841,-0.22918320000000006,11.745639,-9.740286,0.52139178,4.4748019800000005,-28.63644084
3.6399999999999997,364,0.16,-0.09,-0.897,2.6356068,16.272007199999994,-9.2819196,0.53858052,4.63523022,-28.72238454
3.65,365,0.173,-0.077,-0.957,4.8701430000000006,18.7930224,-8.7662574,0.59014674,4.84722468,-28.80832824
3.6599999999999997,366,0.183,-0.078,-1.02,6.417129599999999,19.9962342,-8.250595200000001,0.64744254,5.042030400000002,-28.88281278
3.67,367,0.198,-0.09,-1.085,6.2452422,19.938938399999998,-7.6203414,0.69900876,5.2425657,-28.95156774
3.6799999999999997,368,0.213,-0.1,-1.125,5.1566220000000005,18.7930224,-7.161975,0.7448454000000001,5.4316418399999975,-29.01459312
3.69,369,0.219,-0.106,-1.135,3.4950437999999995,16.4438946,-6.4744254,0.7734933,5.59779966,-29.07188892
3.6999999999999997,370,0.212,-0.105,-1.129,1.7188740000000002,12.891555,-5.6149884000000005,0.79641162,5.74103916,-29.129184719999994
3.71,371,0.18,-0.099,-1.108,0.3437748,9.3965112,-4.7555514,0.79641162,5.83844202,-29.16929178
3.7199999999999998,372,0.157,-0.099,-1.078,-2.291832,6.2452422,-3.6096354,0.76776372,5.9014674000000005,-29.203669260000005
3.73,373,0.142,-0.091,-1.052,-5.0993262,4.5263682,-2.4064236,0.7104679199999999,5.94157446,-29.22658758
3.7399999999999998,374,0.138,-0.077,-1.029,-7.161975,3.6096354,-1.145916,0.63598338,5.98168152,-29.23804674
3.75,375,0.125,-0.057,-1.0,-8.59437,3.724227,0.286479,0.56149884,6.02178858,-29.23231716
3.76,376,0.125,-0.035,-0.974,-9.797581800000001,3.9534102,1.9480572,0.45836640000000006,6.05616606,-29.20939884
3.77,377,0.118,-0.006,-0.954,-10.7143146,2.9793816000000004,3.3804522000000006,0.35523396,6.08481396,-29.17502136
3.78,378,0.11,0.02,-0.94,-10.7716104,2.0053530000000004,4.3544808,0.25210152,6.1077322800000005,-29.129184719999994
3.79,379,0.1,0.052000000000000005,-0.936,-10.026765,0.572958,4.8701430000000006,0.15469866,6.1077322800000005,-29.0776185
3.8,380,0.091,0.079,-0.938,-8.5370742,0.0,4.8701430000000006,0.01145916,6.09627312,-29.03178186
3.81,381,0.084,0.098,-0.934,-6.9327918,1.3178034,4.4117766,-0.04583664,6.1077322800000005,-28.98594522
3.82,382,0.079,0.115,-0.933,-5.1566220000000005,2.3491278,4.010706000000001,-0.09740286,6.130650600000001,-28.94583816
3.83,383,0.08,0.13,-0.92,-3.2085648,4.4117766,3.8388186,-0.12605075999999998,6.17648724,-28.905731099999997
3.84,384,0.095,0.14,-0.915,-0.4010706,7.2192707999999985,3.724227,-0.12605075999999998,6.2452422000000025,-28.86562404
3.8499999999999996,385,0.114,0.134,-0.94,1.8334656000000005,8.59437,3.724227,-0.17761697999999998,6.33691548,-28.83697614
3.86,386,0.133,0.114,-0.974,3.0939732,8.9381448,3.8388186,-0.14323950000000002,6.4228591800000014,-28.79686908
3.8699999999999997,387,0.162,0.08800000000000001,-0.999,3.724227,9.797581800000001,3.4950437999999995,-0.10313244,6.52026204,-28.756762020000004
3.88,388,0.183,0.068,-1.012,4.297185,11.3445684,3.151269,-0.05729580000000001,6.63485364,-28.72238454
3.8899999999999997,389,0.202,0.052000000000000005,-1.022,4.1825934,11.2872726,2.9220857999999996,-0.01145916,6.74944524,-28.69373664
3.9,390,0.212,0.039,-1.026,3.6096354,9.969469199999999,2.5210152000000003,0.0,6.8812255800000015,-28.670818319999995
3.9099999999999997,391,0.21600000000000005,0.028,-1.019,2.4064236,8.479778399999999,2.291832,0.02291832,6.96716928,-28.6479
3.92,392,0.218,0.025,-1.007,1.2032118,7.1046792000000005,2.1772404,0.04010706,7.03592424,-28.62498168
3.9299999999999997,393,0.21600000000000005,0.023,-0.997,0.4583664000000001,5.844171599999999,2.1772404,0.04583664,7.098949620000001,-28.60206336
3.94,394,0.211,0.018000000000000002,-0.986,0.22918320000000006,4.6982556,2.1199446,0.05156622,7.144786260000001,-28.579145040000004
3.9499999999999997,395,0.209,0.011,-0.975,0.11459160000000003,3.9534102,2.0626488000000003,0.01145916,7.29375534,-28.579145040000004
3.96,396,0.207,0.0,-0.966,-0.11459160000000003,3.2085648,2.2345362,0.01145916,7.32240324,-28.55622672
3.9699999999999998,397,0.208,-0.005,-0.963,-0.286479,2.4637194,2.1772404,0.01145916,7.34532156,-28.53330840000001
3.98,398,0.21,-0.01,-0.961,-0.4010706,2.0053530000000004,2.1199446,0.01145916,7.36823988,-28.51039008
3.9899999999999998,399,0.209,-0.011,-0.958,-0.286479,1.7761698,2.0053530000000004,0.01145916,7.385428619999999,-28.49320134
4.0,400,0.206,-0.011,-0.957,-0.286479,1.145916,1.8907613999999997,-0.01145916,7.58596392,-28.51039008
4.01,401,0.204,-0.006999999999999999,-0.957,0.11459160000000003,0.7448454000000001,1.6042823999999998,-0.01145916,7.5916935,-28.49320134
4.02,402,0.205,-0.003,-0.961,0.6302538000000001,0.9167328,1.2605076000000002,0.0,7.603152659999999,-28.4760126
4.03,403,0.204,-0.004,-0.971,1.0886202,0.8021411999999999,0.9167328,0.00572958,7.60888224,-28.47028302
4.04,404,0.203,-0.01,-0.975,1.0313244,0.7448454000000001,0.572958,0.01718874,7.620341400000001,-28.46455344
4.05,405,0.202,-0.014,-0.979,0.6875496,0.6875496,0.22918320000000006,-0.00572958,7.929738719999999,-28.516119660000005
4.06,406,0.201,-0.014,-0.979,0.5156622000000001,0.9167328,-0.11459160000000003,0.0,7.94119788,-28.52184924
4.07,407,0.204,-0.012,-0.977,0.7448454000000001,1.145916,-0.3437748,0.0,7.95265704,-28.52184924
4.08,408,0.206,-0.01,-0.982,1.0313244,1.0313244,-0.572958,0.01145916,7.9641161999999985,-28.52757882
4.09,409,0.206,-0.009000000000000001,-0.982,1.2032118,0.286479,-0.8021411999999999,0.02291832,7.96984578,-28.53903798
4.1,410,0.204,-0.004,-0.979,1.3750992,-0.22918320000000006,-0.9167328,-0.01145916,8.12454444,-28.58487462
4.109999999999999,411,0.202,-0.001,-0.978,1.4896908000000002,-0.6875496,-1.0313244,0.0,8.11881486,-28.5906042
4.12,412,0.199,-0.002,-0.972,1.2032118,-1.6042823999999998,-0.9167328,0.00572958,8.10162612,-28.60206336
4.13,413,0.201,-0.004,-0.973,0.9167328,-2.291832,-0.8594370000000001,0.01718874,8.0787078,-28.61352252
4.14,414,0.203,-0.002,-0.975,0.3437748,-2.9793816000000004,-0.8021411999999999,0.01718874,8.0500599,-28.6192521
4.1499999999999995,415,0.199,0.002,-0.978,0.057295800000000015,-3.8388186,-0.8021411999999999,-0.01145916,8.0787078,-28.6479
4.16,416,0.195,0.006999999999999999,-0.976,0.3437748,-4.583664,-0.9740286,-0.01145916,8.03287116,-28.65935916
4.17,417,0.189,0.009000000000000001,-0.969,0.4010706,-4.8128472,-1.0313244,-0.00572958,7.987034519999999,-28.670818319999995
4.18,418,0.184,0.011,-0.967,0.3437748,-4.8128472,-1.0886202,-0.00572958,7.9354682999999975,-28.68227748
4.1899999999999995,419,0.18,0.015,-0.971,0.4583664000000001,-4.6982556,-1.0313244,0.0,7.889631660000001,-28.69373664
4.2,420,0.17600000000000002,0.017,-0.972,0.5156622000000001,-4.3544808,-0.9740286,-0.04583664,7.889631660000001,-28.72238454
4.21,421,0.174,0.02,-0.972,0.3437748,-4.010706000000001,-1.0886202,-0.04010706,7.8495246,-28.7338437
4.22,422,0.172,0.022,-0.977,0.286479,-3.8388186,-1.0886202,-0.04010706,7.8151471200000024,-28.74530286
4.2299999999999995,423,0.173,0.022,-0.98,0.22918320000000006,-3.724227,-1.0886202,-0.04010706,7.7750400599999985,-28.756762020000004
4.24,424,0.174,0.022,-0.984,0.3437748,-3.5523396000000003,-1.0313244,-0.03437748,7.74066258,-28.76822118
4.25,425,0.175,0.021,-0.985,0.4583664000000001,-3.3804522000000006,-0.8021411999999999,-0.09740286,7.75785132,-28.79686908
4.26,426,0.173,0.019,-0.983,0.4010706,-2.9793816000000004,-0.6302538000000001,-0.09167328,7.72920342,-28.80832824
4.27,427,0.173,0.018000000000000002,-0.982,0.22918320000000006,-2.6929026,-0.4010706,-0.09167328,7.70055552,-28.80832824
4.28,428,0.171,0.017,-0.981,0.057295800000000015,-2.6929026,-0.4010706,-0.09167328,7.677637200000001,-28.81405782
4.29,429,0.16899999999999998,0.014,-0.977,0.057295800000000015,-2.6356068,-0.22918320000000006,-0.09167328,7.6489892999999975,-28.81978740000001
4.3,430,0.165,0.011,-0.975,0.0,-2.1772404,-0.22918320000000006,-0.17761697999999998,7.7062851,-28.8484353
4.31,431,0.163,0.01,-0.975,-0.1718874,-1.7761698,-0.11459160000000003,-0.18334656,7.68336678,-28.8484353
4.32,432,0.161,0.01,-0.977,-0.11459160000000003,-1.5469866,-0.057295800000000015,-0.18334656,7.6719076200000025,-28.8484353
4.33,433,0.161,0.009000000000000001,-0.977,-0.11459160000000003,-1.2032118,0.057295800000000015,-0.18334656,7.66044846,-28.8484353
4.34,434,0.162,0.008,-0.974,-0.11459160000000003,-0.8021411999999999,0.22918320000000006,-0.18334656,7.6489892999999975,-28.8484353
4.35,435,0.165,0.006999999999999999,-0.971,-0.22918320000000006,-0.4010706,0.3437748,-0.39534102,7.85525418,-28.91146068
4.36,436,0.16699999999999998,0.008,-0.973,-0.1718874,0.057295800000000015,0.4583664000000001,-0.39534102,7.85525418,-28.905731099999997
4.37,437,0.17,0.006999999999999999,-0.972,0.0,0.1718874,0.6302538000000001,-0.39534102,7.85525418,-28.89427194
4.38,438,0.171,0.005,-0.974,0.286479,0.0,0.6302538000000001,-0.38961144,7.85525418,-28.888542359999995
4.39,439,0.171,0.004,-0.977,0.4010706,-0.057295800000000015,0.6302538000000001,-0.38388186,7.85525418,-28.88281278
4.3999999999999995,440,0.172,0.004,-0.98,0.4583664000000001,0.0,0.6302538000000001,-0.47555514,7.99849368,-28.91719026
4.41,441,0.173,0.002,-0.979,0.4010706,0.057295800000000015,0.6875496,-0.46982556,7.99849368,-28.905731099999997
4.42,442,0.17600000000000002,0.0,-0.977,0.286479,0.22918320000000006,0.7448454000000001,-0.46409598,7.99849368,-28.90000152
4.43,443,0.17800000000000002,0.0,-0.976,0.4010706,0.057295800000000015,0.8594370000000001,-0.45836640000000006,8.00422326,-28.888542359999995
4.4399999999999995,444,0.179,0.001,-0.977,0.5156622000000001,-0.286479,0.9167328,-0.4526368200000001,7.99849368,-28.88281278
4.45,445,0.182,0.001,-0.976,0.572958,-0.11459160000000003,0.8594370000000001,-0.5042030399999999,8.136003599999999,-28.905731099999997
4.46,446,0.181,0.0,-0.977,0.5156622000000001,-0.11459160000000003,0.8594370000000001,-0.49274388,8.136003599999999,-28.89427194
4.47,447,0.182,0.0,-0.976,0.3437748,-0.11459160000000003,0.7448454000000001,-0.49274388,8.136003599999999,-28.888542359999995
4.4799999999999995,448,0.183,0.002,-0.974,0.22918320000000006,-0.11459160000000003,0.8021411999999999,-0.4870143000000001,8.136003599999999,-28.877083199999998
4.49,449,0.183,0.004,-0.975,0.11459160000000003,-0.3437748,0.8021411999999999,-0.48128472,8.13027402,-28.87135362
4.5,450,0.185,0.006999999999999999,-0.975,0.11459160000000003,-0.286479,0.8021411999999999,-0.5786875800000001,8.29643184,-28.905731099999997
4.51,451,0.185,0.006999999999999999,-0.976,0.0,0.0,0.8021411999999999,-0.5729580000000001,8.29643184,-28.89427194
4.52,452,0.185,0.008,-0.974,0.0,0.057295800000000015,0.6875496,-0.5729580000000001,8.302161420000001,-28.888542359999995
4.53,453,0.18600000000000005,0.011,-0.973,-0.11459160000000003,0.0,0.572958,-0.5729580000000001,8.302161420000001,-28.88281278
4.54,454,0.18600000000000005,0.012,-0.976,0.0,-0.11459160000000003,0.572958,-0.5729580000000001,8.29643184,-28.877083199999998
4.55,455,0.188,0.012,-0.978,0.3437748,-0.4010706,0.5156622000000001,-0.66463128,8.44540092,-28.91146068
4.56,456,0.188,0.012,-0.978,0.4583664000000001,-0.286479,0.4583664000000001,-0.6589017,8.44540092,-28.905731099999997
4.57,457,0.187,0.012,-0.978,0.4010706,-0.22918320000000006,0.4583664000000001,-0.6589017,8.43967134,-28.90000152
4.58,458,0.187,0.012,-0.979,0.3437748,-0.4583664000000001,0.3437748,-0.65317212,8.43394176,-28.90000152
4.59,459,0.188,0.013,-0.981,0.3437748,-0.7448454000000001,0.22918320000000006,-0.64744254,8.42821218,-28.89427194
4.6,460,0.187,0.012,-0.978,0.286479,-1.2032118,0.1718874,-0.7161975,8.52561504,-28.92291984
4.61,461,0.18600000000000005,0.012,-0.978,0.3437748,-1.2032118,0.057295800000000015,-0.7104679199999999,8.51415588,-28.92291984
4.62,462,0.184,0.009000000000000001,-0.979,0.4583664000000001,-1.2032118,0.057295800000000015,-0.70473834,8.50269672,-28.92291984
4.63,463,0.184,0.009000000000000001,-0.979,0.572958,-1.2032118,0.11459160000000003,-0.69900876,8.49123756,-28.92291984
4.64,464,0.184,0.006999999999999999,-0.98,0.6302538000000001,-1.3178034,0.1718874,-0.69327918,8.479778399999999,-28.91719026
4.6499999999999995,465,0.182,0.006,-0.98,0.7448454000000001,-1.432395,0.22918320000000006,-0.72192708,8.52561504,-28.934379
4.66,466,0.181,0.005,-0.98,0.8021411999999999,-1.4896908000000002,0.22918320000000006,-0.7104679199999999,8.5084263,-28.92864942
4.67,467,0.181,0.005,-0.981,0.7448454000000001,-1.2605076000000002,0.22918320000000006,-0.70473834,8.49696714,-28.92864942
4.68,468,0.181,0.006999999999999999,-0.985,0.8594370000000001,-1.0886202,0.1718874,-0.69327918,8.48550798,-28.92864942
4.6899999999999995,469,0.17800000000000002,0.005,-0.985,0.8021411999999999,-1.2605076000000002,0.11459160000000003,-0.68182002,8.47404882,-28.92291984
4.7,470,0.175,0.005,-0.982,0.6875496,-1.2605076000000002,0.11459160000000003,-0.72192708,8.519885460000001,-28.940108580000004
4.71,471,0.173,0.005,-0.981,0.6302538000000001,-1.0313244,0.11459160000000003,-0.7161975,8.5084263,-28.940108580000004
4.72,472,0.175,0.005,-0.98,0.5156622000000001,-0.9740286,0.1718874,-0.7104679199999999,8.49696714,-28.934379
4.7299999999999995,473,0.17600000000000002,0.004,-0.978,0.3437748,-1.2032118,0.286479,-0.70473834,8.48550798,-28.934379
4.74,474,0.17600000000000002,0.002,-0.975,0.1718874,-1.3178034,0.4010706,-0.70473834,8.47404882,-28.92864942
4.75,475,0.173,0.003,-0.973,0.0,-1.2605076000000002,0.286479,-0.75057498,8.52561504,-28.94583816
4.76,476,0.172,0.005,-0.973,0.0,-0.9167328,0.22918320000000006,-0.75057498,8.519885460000001,-28.940108580000004
4.77,477,0.172,0.004,-0.969,0.1718874,-0.8594370000000001,0.22918320000000006,-0.75057498,8.5084263,-28.940108580000004
4.78,478,0.173,0.001,-0.967,0.11459160000000003,-0.8021411999999999,0.3437748,-0.7448454000000001,8.50269672,-28.934379
4.79,479,0.17600000000000002,0.0,-0.971,0.4010706,-0.8021411999999999,0.4583664000000001,-0.7391158200000001,8.49123756,-28.934379
4.8,480,0.179,0.0,-0.973,0.572958,-0.9740286,0.5156622000000001,-0.76203414,8.54853336,-28.940108580000004
4.81,481,0.179,0.002,-0.974,0.5156622000000001,-1.0886202,0.6302538000000001,-0.75057498,8.542803780000002,-28.934379
4.82,482,0.18,0.005,-0.98,0.6875496,-1.0886202,0.6302538000000001,-0.7448454000000001,8.53134462,-28.92864942
4.83,483,0.18,0.006,-0.983,0.7448454000000001,-0.9740286,0.6302538000000001,-0.73338624,8.519885460000001,-28.92291984
4.84,484,0.179,0.006999999999999999,-0.984,0.7448454000000001,-1.0313244,0.8021411999999999,-0.72765666,8.5084263,-28.91146068
4.85,485,0.17800000000000002,0.005,-0.982,0.7448454000000001,-1.0886202,0.8021411999999999,-0.7448454000000001,8.54853336,-28.91719026
4.86,486,0.177,0.003,-0.976,0.4583664000000001,-0.8594370000000001,0.7448454000000001,-0.7391158200000001,8.5370742,-28.91146068
4.87,487,0.17600000000000002,0.004,-0.973,0.4010706,-0.8021411999999999,0.8021411999999999,-0.73338624,8.53134462,-28.90000152
4.88,488,0.17800000000000002,0.005,-0.973,0.4583664000000001,-0.9740286,0.6302538000000001,-0.72765666,8.519885460000001,-28.89427194
4.89,489,0.177,0.006999999999999999,-0.973,0.4583664000000001,-1.0313244,0.5156622000000001,-0.72192708,8.5084263,-28.888542359999995
4.8999999999999995,490,0.177,0.006999999999999999,-0.974,0.6302538000000001,-0.9740286,0.4583664000000001,-0.75057498,8.55999252,-28.90000152
4.91,491,0.177,0.006999999999999999,-0.974,0.6302538000000001,-0.9167328,0.5156622000000001,-0.7448454000000001,8.54853336,-28.89427194
4.92,492,0.179,0.009000000000000001,-0.974,0.5156622000000001,-0.7448454000000001,0.572958,-0.7391158200000001,8.542803780000002,-28.888542359999995
4.93,493,0.17800000000000002,0.009000000000000001,-0.975,0.286479,-0.22918320000000006,0.4010706,-0.73338624,8.542803780000002,-28.88281278
4.9399999999999995,494,0.179,0.008,-0.977,0.0,0.11459160000000003,0.057295800000000015,-0.73338624,8.542803780000002,-28.88281278
4.95,495,0.18,0.006999999999999999,-0.979,0.057295800000000015,0.286479,0.057295800000000015,-0.8479778399999999,8.73187992,-28.92864942
4.96,496,0.181,0.005,-0.979,0.1718874,0.1718874,0.057295800000000015,-0.8479778399999999,8.73187992,-28.92864942
4.97,497,0.181,0.002,-0.979,0.1718874,0.11459160000000003,0.0,-0.8422482600000001,8.73187992,-28.92864942
4.9799999999999995,498,0.182,-0.001,-0.979,0.057295800000000015,0.11459160000000003,0.0,-0.8422482600000001,8.7376095,-28.92864942
4.99,499,0.17800000000000002,-0.002,-0.977,-0.11459160000000003,0.0,0.0,-0.8422482600000001,8.73187992,-28.92864942
5.0,500,0.17800000000000002,-0.001,-0.975,-0.22918320000000006,0.0,0.0,-0.8880849000000001,8.90376732,-28.95729732
5.01,501,0.17600000000000002,0.0,-0.977,-0.4010706,0.11459160000000003,-0.057295800000000015,-0.89381448,8.909496899999997,-28.95729732
5.02,502,0.177,0.002,-0.976,-0.3437748,0.0,0.0,-0.89381448,8.909496899999997,-28.95729732
5.03,503,0.17800000000000002,0.003,-0.974,-0.22918320000000006,0.0,0.0,-0.89954406,8.909496899999997,-28.95729732
5.04,504,0.179,0.001,-0.972,-0.22918320000000006,0.11459160000000003,0.0,-0.89954406,8.909496899999997,-28.95729732
5.05,505,0.179,0.0,-0.973,-0.1718874,0.1718874,0.11459160000000003,-0.9453806999999999,9.0527364,-28.98021564
5.06,506,0.18,-0.001,-0.973,-0.1718874,-0.057295800000000015,0.057295800000000015,-0.9453806999999999,9.0527364,-28.98021564
5.07,507,0.181,0.0,-0.975,-0.1718874,-0.1718874,0.057295800000000015,-0.95111028,9.04700682,-28.98021564
5.08,508,0.18,0.0,-0.974,-0.1718874,-0.286479,0.0,-0.95111028,9.04700682,-28.98021564
5.09,509,0.179,0.001,-0.977,-0.11459160000000003,-0.3437748,0.057295800000000015,-0.95111028,9.04127724,-28.98021564
5.1,510,0.177,0.001,-0.98,0.0,-0.4583664000000001,0.11459160000000003,-0.9969469199999998,9.09284346,-28.9916748
5.11,511,0.174,0.003,-0.98,0.0,-0.5156622000000001,0.11459160000000003,-0.9969469199999998,9.08711388,-28.9916748
5.12,512,0.172,0.002,-0.98,0.057295800000000015,-0.3437748,0.11459160000000003,-0.9969469199999998,9.08711388,-28.9916748
5.13,513,0.172,0.003,-0.977,0.11459160000000003,-0.11459160000000003,0.1718874,-0.9912173399999998,9.08711388,-28.9916748
5.14,514,0.172,0.002,-0.975,0.0,0.057295800000000015,0.057295800000000015,-0.9912173399999998,9.08711388,-28.98594522
5.1499999999999995,515,0.173,0.001,-0.974,-0.11459160000000003,0.286479,0.0,-1.0313244,9.13295052,-29.003133960000003
5.16,516,0.174,0.001,-0.971,-0.1718874,0.286479,0.11459160000000003,-1.0313244,9.13295052,-28.99740438
5.17,517,0.175,0.002,-0.972,-0.1718874,0.286479,0.057295800000000015,-1.03705398,9.138680099999998,-28.99740438
5.18,518,0.174,0.005,-0.973,-0.057295800000000015,0.3437748,0.11459160000000003,-1.03705398,9.14440968,-28.99740438
5.1899999999999995,519,0.175,0.005,-0.973,-0.11459160000000003,0.3437748,0.057295800000000015,-1.03705398,9.14440968,-28.99740438
5.2,520,0.175,0.006,-0.974,-0.057295800000000015,0.4010706,0.11459160000000003,-1.09434978,9.20170548,-29.01459312
5.21,521,0.17800000000000002,0.004,-0.975,0.0,0.4010706,0.057295800000000015,-1.09434978,9.20743506,-29.00886354
5.22,522,0.179,0.001,-0.975,0.0,0.572958,0.11459160000000003,-1.09434978,9.21316464,-29.00886354
5.2299999999999995,523,0.179,0.0,-0.973,-0.057295800000000015,0.6302538000000001,0.11459160000000003,-1.09434978,9.21889422,-29.00886354
5.24,524,0.17800000000000002,0.0,-0.971,-0.11459160000000003,0.572958,0.057295800000000015,-1.10007936,9.224623800000002,-29.00886354
5.25,525,0.177,0.0,-0.971,-0.11459160000000003,0.5156622000000001,0.0,-1.12299768,9.2819196,-29.0203227
5.26,526,0.17600000000000002,0.001,-0.973,0.0,0.3437748,-0.057295800000000015,-1.12299768,9.28764918,-29.0203227
5.27,527,0.179,0.002,-0.974,0.0,0.22918320000000006,-0.057295800000000015,-1.12299768,9.28764918,-29.0203227
5.28,528,0.181,0.002,-0.977,0.11459160000000003,0.0,-0.11459160000000003,-1.12299768,9.28764918,-29.0203227
5.29,529,0.181,0.001,-0.978,0.1718874,0.0,-0.057295800000000015,-1.12299768,9.28764918,-29.0203227
5.3,530,0.181,-0.001,-0.978,0.057295800000000015,0.11459160000000003,0.0,-1.10580894,9.45953658,-29.03751144
5.31,531,0.18,-0.003,-0.979,0.0,-0.11459160000000003,0.0,-1.10580894,9.45953658,-29.03751144
5.32,532,0.175,-0.003,-0.974,-0.057295800000000015,-0.3437748,0.0,-1.10580894,9.453807,-29.03751144
5.33,533,0.174,0.0,-0.977,-0.057295800000000015,0.0,-0.057295800000000015,-1.10580894,9.453807,-29.03751144
5.34,534,0.175,0.0,-0.976,-0.057295800000000015,0.0,-0.11459160000000003,-1.10580894,9.453807,-29.04324102
5.35,535,0.17600000000000002,0.0,-0.975,-0.11459160000000003,-0.1718874,-0.11459160000000003,-1.12299768,9.48818448,-29.0489706
5.36,536,0.17800000000000002,-0.001,-0.972,-0.286479,-0.1718874,-0.057295800000000015,-1.12299768,9.48818448,-29.0489706
5.37,537,0.17800000000000002,-0.001,-0.969,-0.6302538000000001,0.0,-0.11459160000000003,-1.13445684,9.48818448,-29.0489706
5.38,538,0.17800000000000002,0.0,-0.968,-0.6875496,0.11459160000000003,-0.22918320000000006,-1.14018642,9.48818448,-29.05470018
5.39,539,0.181,-0.003,-0.965,-0.5156622000000001,-0.057295800000000015,-0.1718874,-1.1459160000000002,9.48818448,-29.05470018
5.3999999999999995,540,0.18,-0.006999999999999999,-0.966,-0.572958,-0.286479,-0.1718874,-1.14018642,9.50537322,-29.05470018
5.41,541,0.17800000000000002,-0.006,-0.971,-0.4010706,-0.3437748,-0.1718874,-1.14018642,9.49964364,-29.06042976
5.42,542,0.18,-0.002,-0.977,-0.1718874,-0.3437748,-0.057295800000000015,-1.1459160000000002,9.49391406,-29.06042976
5.43,543,0.182,0.002,-0.982,-0.057295800000000015,-0.4583664000000001,0.0,-1.1459160000000002,9.49391406,-29.06042976
5.4399999999999995,544,0.179,0.002,-0.984,0.057295800000000015,-0.6302538000000001,-0.057295800000000015,-1.1459160000000002,9.48818448,-29.06042976
5.45,545,0.17600000000000002,0.001,-0.983,0.057295800000000015,-0.6875496,-0.057295800000000015,-1.15164558,9.49391406,-29.06615934
5.46,546,0.174,-0.002,-0.98,0.0,-0.6875496,-0.11459160000000003,-1.15164558,9.48818448,-29.06615934
5.47,547,0.173,-0.002,-0.978,-0.1718874,-0.8021411999999999,-0.1718874,-1.15164558,9.47672532,-29.07188892
5.4799999999999995,548,0.172,0.001,-0.976,-0.057295800000000015,-0.8021411999999999,-0.1718874,-1.1573751600000002,9.47099574,-29.07188892
5.49,549,0.172,0.004,-0.973,0.0,-0.5156622000000001,-0.1718874,-1.1573751600000002,9.46526616,-29.07188892
5.5,550,0.172,0.004,-0.973,0.0,-0.3437748,-0.11459160000000003,-1.18602306,9.46526616,-29.08334808
5.51,551,0.174,0.004,-0.975,0.0,-0.22918320000000006,-0.057295800000000015,-1.18602306,9.46526616,-29.08334808
5.52,552,0.174,0.002,-0.975,0.0,-0.22918320000000006,-0.057295800000000015,-1.18602306,9.45953658,-29.08334808
5.53,553,0.174,0.001,-0.973,-0.22918320000000006,-0.1718874,0.0,-1.18602306,9.45953658,-29.08334808
5.54,554,0.174,0.003,-0.975,-0.286479,-0.1718874,0.0,-1.19175264,9.453807,-29.08334808
5.55,555,0.174,0.002,-0.976,-0.1718874,-0.057295800000000015,0.0,-1.22613012,9.48818448,-29.09480724
5.56,556,0.173,0.002,-0.977,-0.057295800000000015,0.0,0.0,-1.22613012,9.48818448,-29.09480724
5.57,557,0.174,0.002,-0.978,-0.057295800000000015,0.22918320000000006,0.0,-1.22613012,9.49391406,-29.09480724
5.58,558,0.174,0.001,-0.978,0.0,0.1718874,0.0,-1.22613012,9.49391406,-29.09480724
5.59,559,0.173,0.0,-0.976,0.0,0.11459160000000003,0.0,-1.22613012,9.49391406,-29.09480724
5.6,560,0.172,0.0,-0.973,0.057295800000000015,0.0,0.0,-1.22040054,9.48818448,-29.08907766
5.61,561,0.17,-0.001,-0.973,0.0,0.11459160000000003,0.0,-1.22040054,9.49391406,-29.08907766
5.62,562,0.171,-0.001,-0.974,-0.1718874,0.3437748,-0.11459160000000003,-1.22040054,9.49391406,-29.09480724
5.63,563,0.172,-0.001,-0.976,-0.1718874,0.4583664000000001,0.0,-1.22040054,9.49964364,-29.09480724
5.64,564,0.175,0.0,-0.975,0.0,0.22918320000000006,0.0,-1.22040054,9.50537322,-29.09480724
5.6499999999999995,565,0.175,-0.004,-0.97,-0.11459160000000003,0.4010706,0.057295800000000015,-1.20894138,9.51683238,-29.08907766
5.66,566,0.173,-0.006,-0.97,-0.3437748,0.4010706,0.11459160000000003,-1.20894138,9.52256196,-29.08907766
5.67,567,0.172,-0.005,-0.968,-0.22918320000000006,0.4583664000000001,0.057295800000000015,-1.21467096,9.52829154,-29.08907766
5.68,568,0.174,-0.004,-0.969,-0.22918320000000006,0.572958,0.0,-1.21467096,9.53402112,-29.08907766
5.6899999999999995,569,0.175,-0.001,-0.97,-0.11459160000000003,0.6875496,-0.057295800000000015,-1.22040054,9.5397507,-29.08907766
5.7,570,0.17600000000000002,0.0,-0.972,0.057295800000000015,0.7448454000000001,-0.11459160000000003,-1.21467096,9.55693944,-29.08907766
5.71,571,0.177,0.0,-0.974,0.11459160000000003,0.8021411999999999,-0.057295800000000015,-1.21467096,9.568398599999998,-29.08907766
5.72,572,0.177,-0.001,-0.974,0.0,0.8594370000000001,0.0,-1.21467096,9.57412818,-29.08907766
5.7299999999999995,573,0.175,0.0,-0.973,0.0,0.6875496,0.0,-1.21467096,9.57985776,-29.08907766
5.74,574,0.174,0.0,-0.973,-0.057295800000000015,0.572958,0.0,-1.21467096,9.58558734,-29.08907766
5.75,575,0.175,-0.001,-0.973,0.0,0.3437748,0.0,-1.21467096,9.60850566,-29.09480724
5.76,576,0.17600000000000002,0.0,-0.975,0.0,0.22918320000000006,0.0,-1.21467096,9.60850566,-29.09480724
5.77,577,0.17800000000000002,0.0,-0.976,0.1718874,0.11459160000000003,0.0,-1.20894138,9.60850566,-29.09480724
5.78,578,0.17800000000000002,0.0,-0.978,0.22918320000000006,0.057295800000000015,0.057295800000000015,-1.20894138,9.60850566,-29.09480724
5.79,579,0.17800000000000002,0.0,-0.979,0.11459160000000003,0.1718874,0.057295800000000015,-1.20894138,9.61423524,-29.08907766
5.8,580,0.177,0.0,-0.979,0.0,0.057295800000000015,0.057295800000000015,-1.22040054,9.6256944,-29.09480724
5.81,581,0.177,0.0,-0.977,0.0,0.1718874,0.0,-1.22040054,9.63142398,-29.09480724
5.82,582,0.17600000000000002,0.0,-0.976,-0.1718874,0.22918320000000006,0.0,-1.22040054,9.63142398,-29.09480724
5.83,583,0.177,0.0,-0.975,-0.22918320000000006,0.11459160000000003,-0.057295800000000015,-1.22040054,9.63142398,-29.09480724
5.84,584,0.177,0.0,-0.976,-0.4010706,0.11459160000000003,-0.11459160000000003,-1.22613012,9.63715356,-29.09480724
5.85,585,0.17800000000000002,0.002,-0.977,-0.4010706,0.1718874,-0.11459160000000003,-1.24331886,9.64861272,-29.100536819999995
5.86,586,0.17600000000000002,0.001,-0.975,-0.3437748,-0.057295800000000015,-0.11459160000000003,-1.24904844,9.64861272,-29.100536819999995
5.87,587,0.174,0.001,-0.975,-0.1718874,-0.1718874,-0.11459160000000003,-1.24904844,9.64288314,-29.1062664
5.88,588,0.174,0.0,-0.975,0.0,-0.11459160000000003,-0.1718874,-1.24904844,9.64288314,-29.1062664
5.89,589,0.175,0.0,-0.977,0.0,0.0,-0.1718874,-1.25477802,9.64288314,-29.1062664
5.8999999999999995,590,0.17600000000000002,-0.001,-0.981,0.0,-0.11459160000000003,-0.11459160000000003,-1.24331886,9.64288314,-29.1062664
5.91,591,0.177,-0.003,-0.98,-0.11459160000000003,-0.22918320000000006,-0.11459160000000003,-1.24904844,9.63715356,-29.11199598
5.92,592,0.17800000000000002,-0.004,-0.98,-0.1718874,-0.4010706,0.0,-1.24904844,9.63142398,-29.11199598
5.93,593,0.179,-0.004,-0.981,-0.4010706,-0.5156622000000001,0.0,-1.25477802,9.6256944,-29.11199598
5.9399999999999995,594,0.179,-0.003,-0.982,-0.4010706,-0.3437748,0.0,-1.25477802,9.6256944,-29.11199598
5.95,595,0.179,-0.001,-0.983,-0.286479,-0.4583664000000001,0.0,-1.2605076000000002,9.6256944,-29.11199598
5.96,596,0.17800000000000002,-0.001,-0.979,-0.22918320000000006,-0.572958,0.0,-1.2605076000000002,9.61996482,-29.11199598
5.97,597,0.173,-0.001,-0.975,-0.3437748,-0.572958,-0.057295800000000015,-1.26623718,9.61423524,-29.11199598
5.9799999999999995,598,0.173,-0.001,-0.974,-0.5156622000000001,-0.4010706,-0.1718874,-1.27196676,9.60850566,-29.11199598
5.99,599,0.174,0.0,-0.973,-0.6302538000000001,-0.572958,-0.1718874,-1.27769634,9.60277608,-29.11199598
6.0,600,0.174,0.002,-0.97,-0.7448454000000001,-0.9167328,-0.1718874,-1.2891555000000001,9.5970465,-29.11772556
6.01,601,0.171,0.003,-0.966,-0.8021411999999999,-0.9167328,-0.286479,-1.29488508,9.58558734,-29.11772556
6.02,602,0.17,0.004,-0.966,-0.6875496,-0.4583664000000001,-0.286479,-1.30634424,9.57985776,-29.12345514
6.03,603,0.171,0.002,-0.966,-0.4010706,-0.22918320000000006,-0.22918320000000006,-1.31207382,9.57985776,-29.12345514
6.04,604,0.173,-0.001,-0.966,-0.22918320000000006,-0.286479,-0.1718874,-1.31207382,9.57412818,-29.129184719999994
6.05,605,0.174,-0.005,-0.969,-0.286479,-0.286479,-0.11459160000000003,-1.29488508,9.568398599999998,-29.12345514
6.06,606,0.17600000000000002,-0.005,-0.975,-0.057295800000000015,-0.22918320000000006,0.0,-1.29488508,9.568398599999998,-29.12345514
6.07,607,0.177,-0.003,-0.978,0.11459160000000003,-0.4583664000000001,0.1718874,-1.29488508,9.56266902,-29.12345514
6.08,608,0.17600000000000002,0.0,-0.981,0.11459160000000003,-0.5156622000000001,0.1718874,-1.2891555000000001,9.55693944,-29.12345514
6.09,609,0.174,0.0,-0.984,0.1718874,-0.4010706,0.11459160000000003,-1.2891555000000001,9.55120986,-29.11772556
6.1,610,0.173,0.0,-0.985,0.286479,-0.4583664000000001,0.0,-1.28342592,9.54548028,-29.11772556
6.11,611,0.172,-0.001,-0.984,0.286479,-0.286479,0.0,-1.27769634,9.54548028,-29.11772556
6.12,612,0.17,-0.001,-0.98,0.1718874,-0.22918320000000006,0.0,-1.27769634,9.5397507,-29.11772556
6.13,613,0.17,0.0,-0.975,0.057295800000000015,-0.057295800000000015,0.0,-1.27769634,9.5397507,-29.11772556
6.14,614,0.17,0.001,-0.971,0.0,0.0,0.0,-1.27769634,9.5397507,-29.11772556
6.15,615,0.171,0.002,-0.971,-0.057295800000000015,0.0,0.057295800000000015,-1.30061466,9.52256196,-29.12345514
6.16,616,0.17,0.002,-0.972,0.0,0.11459160000000003,0.0,-1.30061466,9.52256196,-29.12345514
6.17,617,0.171,0.004,-0.975,0.057295800000000015,0.4010706,0.0,-1.30061466,9.52829154,-29.12345514
6.18,618,0.17,0.004,-0.976,0.057295800000000015,0.5156622000000001,-0.11459160000000003,-1.30061466,9.53402112,-29.12345514
