TimeStamp(s),FrameCounter,AccX,AccY,AccZ,GyrX,GyrY,GyrZ,EulerX,EulerY,EulerZ
0.01,1,0.006,-1.011,0.01,-2.0626488000000003,-10.313244,0.0,88.99183656,0.15469866,-68.81798538
0.02,2,0.001,-1.006,0.008,-2.578311,-10.3705398,0.2291832000000001,88.96318865999999,0.15469866,-68.92111781999999
0.03,3,-0.004,-1.006,0.005,-3.2085648,-10.026765,0.4583664000000001,88.93454076,0.14896908,-69.01852068
0.04,4,-0.008,-1.01,0.006999999999999999,-3.724227,-9.167328,0.4583664000000001,88.90589286,0.13750992,-69.11019395999999
0.05,5,-0.011,-1.016,0.008,-4.1252976000000015,-8.4224826,0.286479,88.86005622,0.13750992,-69.19613766
0.060000000000000005,6,-0.013,-1.02,0.006,-4.3544808,-8.479778399999999,0.11459160000000004,88.81994916,0.13750992,-69.28208136
0.06999999999999999,7,-0.012,-1.021,0.002,-4.2398892,-9.1100322,0.1718874,88.77411251999996,0.13178034,-69.36802506
0.08,8,-0.009000000000000001,-1.018,0.003,-3.7815227999999994,-9.5111028,0.286479,88.73973504,0.13178034,-69.46542792
0.09,9,-0.006999999999999999,-1.015,0.006,-3.2658606,-9.167328,0.5156622000000001,88.71681672,0.12032118,-69.5571012
0.09999999999999999,10,-0.009000000000000001,-1.011,0.005,-3.0939732,-8.193299399999999,0.7448454000000001,88.68816882,0.11459160000000004,-69.63731532
0.11,11,-0.013,-1.007,0.004,-3.0939732,-6.589017,1.0313244,88.65379134000001,0.10313244,-69.70607028
0.12,12,-0.018000000000000002,-1.0,0.001,-2.9793816000000004,-5.7868758000000025,1.145916,88.62514344,0.09167328,-69.76336608
0.13,13,-0.02,-0.993,-0.002,-3.0366774,-5.2712136,1.0313244,88.59649553999998,0.08021412,-69.8149323
0.14,14,-0.02,-0.989,-0.005,-3.0939732,-4.9274388,0.9167328,88.55638848,0.04010706,-69.86649852000001
0.15000000000000002,15,-0.018000000000000002,-0.988,-0.008,-3.0366774,-4.6409598,0.9167328,88.52774058,0.03437748,-69.91233516
0.16,16,-0.015,-0.99,-0.012,-2.9220857999999996,-4.3544808,0.8594370000000001,88.49909268,0.02291832,-69.95244222
0.17,17,-0.012,-0.991,-0.017,-2.578311,-3.8388186,0.8594370000000001,88.47044478000002,0.01718874,-69.99254927999999
0.18000000000000002,18,-0.011,-0.994,-0.016,-2.0053530000000004,-3.4377480000000005,0.8021411999999999,88.45325604000001,0.00572958,-70.02692676
0.19,19,-0.012,-0.994,-0.015,-1.0886202,-3.380452200000001,0.8594370000000001,88.40741940000002,-0.02291832,-70.06130424
0.2,20,-0.016,-0.994,-0.013,-0.572958,-3.2658606,0.8594370000000001,88.40168982,-0.03437748,-70.09568172
0.21000000000000002,21,-0.019,-0.994,-0.01,-0.1718874,-3.151269,0.8021411999999999,88.40168982,-0.04010706,-70.12432962
0.22,22,-0.02,-0.995,-0.008,0.057295800000000015,-2.86479,0.6302538000000001,88.40168982,-0.04583664,-70.15297752000001
0.23,23,-0.018000000000000002,-1.001,-0.008,0.057295800000000015,-2.2345362,0.4583664000000001,88.40168982,-0.05156622,-70.17589584
0.24000000000000002,24,-0.013,-1.009,-0.009000000000000001,0.2291832000000001,-1.6042823999999998,0.5156622000000001,88.38450107999998,-0.09740286,-70.19308457999999
0.25,25,-0.008,-1.019,-0.008,0.6302538000000001,-1.2032118,0.5156622000000001,88.39596024,-0.10313244,-70.20454373999999
0.26,26,-0.006,-1.028,-0.008,1.2605076000000002,-1.2032118,0.7448454000000001,88.40741940000002,-0.10886202,-70.2160029
0.27,27,-0.008,-1.031,-0.008,1.7761698,-1.6042823999999998,0.8021411999999999,88.42460814,-0.11459160000000004,-70.23319164
0.28,28,-0.013,-1.03,-0.008,2.0626488000000003,-1.9480572,0.6875496,88.44752645999998,-0.12032118,-70.25038038
0.29000000000000004,29,-0.02,-1.024,-0.006,2.0053530000000004,-1.8334656000000005,0.286479,88.45898561999998,-0.1718874,-70.27329870000001
0.3,30,-0.025,-1.016,-0.005,1.6615782,-1.4896908000000002,-0.11459160000000004,88.47617436,-0.1718874,-70.29048744
0.31,31,-0.028,-1.009,-0.006,1.3178034,-0.7448454000000001,-0.572958,88.4933631,-0.16615782,-70.29621702
0.32,32,-0.028,-1.003,-0.005,0.8594370000000001,0.057295800000000015,-0.9740286,88.49909268,-0.15469866,-70.29621702
0.33,33,-0.021,-0.998,-0.005,0.3437748,0.6302538000000001,-1.0313244,88.50482226,-0.14896908,-70.29048744
0.34,34,-0.01,-0.993,-0.006,-0.2291832000000001,1.0313244,-0.6302538000000001,88.48190394,-0.12605075999999998,-70.27902828
0.35000000000000003,35,0.0,-0.995,-0.006999999999999999,-0.8021411999999999,0.9740286,-0.1718874,88.47617436,-0.12032118,-70.26756911999999
0.36000000000000004,36,0.006999999999999999,-0.998,-0.009000000000000001,-0.9167328,0.8021411999999999,0.286479,88.4647152,-0.12605075999999998,-70.25610996
0.37,37,0.006,-1.003,-0.011,-1.0313244,0.2291832000000001,0.9167328,88.45325604000001,-0.13750992,-70.25610996
0.38,38,0.002,-1.011,-0.009000000000000001,-0.9167328,-0.5156622000000001,1.3750992,88.44752645999998,-0.14896908,-70.26183954
0.39,39,-0.003,-1.014,-0.006,-0.4583664000000001,-1.145916,1.5469866,88.43033772,-0.15469866,-70.27329870000001
0.4,40,-0.01,-1.016,-0.006999999999999999,-0.1718874,-1.7188740000000002,1.3750992,88.43033772,-0.1718874,-70.29048744
0.41000000000000003,41,-0.016,-1.01,-0.008,0.2291832000000001,-1.9480572,1.0886202,88.43033772,-0.17761697999999998,-70.30767618000002
0.42000000000000004,42,-0.021,-1.002,-0.006999999999999999,0.572958,-2.0626488000000003,0.8594370000000001,88.43606729999998,-0.18907614,-70.33059449999999
0.43,43,-0.019,-0.996,-0.005,0.7448454000000001,-1.7188740000000002,0.572958,88.44752645999998,-0.19480572,-70.34205366
0.44,44,-0.013,-0.996,-0.006,0.4583664000000001,-1.4896908000000002,0.6875496,88.44179688,-0.21772404,-70.35924240000001
0.45,45,-0.006999999999999999,-0.998,-0.006999999999999999,0.1718874,-1.5469866,0.8594370000000001,88.44752645999998,-0.22345362,-70.37643114
0.46,46,-0.001,-1.005,-0.006,-0.1718874,-1.5469866,1.145916,88.44752645999998,-0.23491278,-70.39361987999997
0.47000000000000003,47,0.004,-1.014,-0.008,-0.5156622000000001,-1.8907613999999997,1.4896908000000002,88.44179688,-0.25210152,-70.41080862
0.48000000000000004,48,0.006,-1.024,-0.015,-0.3437748,-2.3491278,1.8907613999999997,88.43606729999998,-0.26929026,-70.43372694
0.49,49,0.002,-1.041,-0.018000000000000002,-0.572958,-2.4637194,2.291832,88.40741940000002,-0.28074942,-70.45664526
0.5,50,-0.006,-1.06,-0.019,-0.6875496,-2.1772404,2.6356068,88.40168982,-0.30939732,-70.47956358
0.51,51,-0.017,-1.072,-0.019,-0.2291832000000001,-1.9480572,2.6356068,88.39596024,-0.33231564,-70.49675232
0.52,52,-0.022,-1.07,-0.025,0.8594370000000001,-2.5210152000000003,2.4064236,88.40741940000002,-0.36096354,-70.51967064
0.53,53,-0.022,-1.054,-0.028,1.5469866,-3.0366774,2.1772404,88.42460814,-0.37815228,-70.54831854
0.54,54,-0.017,-1.027,-0.023,2.0053530000000004,-2.9220857999999996,1.8907613999999997,88.41887856000002,-0.40680018,-70.57696644
0.55,55,-0.014,-1.001,-0.016,2.4064236,-2.3491278,1.6042823999999998,88.44179688,-0.42398892,-70.59988476
0.56,56,-0.01,-0.979,-0.012,2.1772404,-1.6615782,1.2032118,88.4647152,-0.43544808,-70.61707349999998
0.5700000000000001,57,-0.003,-0.963,-0.01,1.6042823999999998,-0.9167328,1.0886202,88.48190394,-0.44690724,-70.62853265999998
0.5800000000000001,58,0.004,-0.945,-0.014,0.8021411999999999,-0.4010706,1.2605076000000002,88.4933631,-0.4583664000000001,-70.62853265999998
0.59,59,0.009000000000000001,-0.93,-0.016,-0.5156622000000001,-0.4010706,1.9480572,88.4647152,-0.44690724,-70.63426224
0.6,60,0.011,-0.923,-0.018000000000000002,-2.4064236,-0.7448454000000001,2.6929026,88.44179688,-0.47555514,-70.63999182
0.61,61,0.006999999999999999,-0.931,-0.018000000000000002,-4.9274388,-1.3750992,3.2658606,88.39023066,-0.5042030399999999,-70.65145097999998
0.62,62,-0.001,-0.949,-0.024,-7.2765666,-2.2345362,3.5523396000000003,88.31574612,-0.5443101,-70.6743693
0.63,63,-0.009000000000000001,-0.976,-0.03,-8.880849000000003,-3.4950437999999995,3.2085648,88.22980242,-0.5729580000000001,-70.70874678
0.64,64,-0.008,-1.004,-0.035,-9.2819196,-5.2139178,2.6929026,88.11521081999999,-0.59587632,-70.760313
0.65,65,-0.001,-1.02,-0.038,-8.479778399999999,-6.875496000000001,2.1772404,88.03499670000002,-0.61879464,-70.82906796
0.66,66,0.005,-1.017,-0.034,-6.2452422,-8.021412000000002,1.9480572,87.97197132,-0.64171296,-70.90928208
0.67,67,0.006,-1.002,-0.014,-3.0366774,-8.021412000000002,1.9480572,87.94332342,-0.6589017,-70.9894962
0.68,68,0.004,-0.992,0.004,-0.572958,-7.448453999999999,2.1199446,87.93759384,-0.68182002,-71.06398074
0.6900000000000001,69,0.002,-0.986,0.023,0.286479,-7.2192707999999985,2.578311,87.98916005999996,-0.69327918,-71.13273569999998
0.7000000000000001,70,-0.006,-0.984,0.028,-0.2291832000000001,-7.3911582,2.9220857999999996,87.98916005999996,-0.72192708,-71.20722024
0.7100000000000001,71,-0.02,-0.976,0.027000000000000003,-2.4637194,-7.7349330000000025,3.2085648,87.96624174,-0.75630456,-71.28170478000001
0.72,72,-0.033,-0.962,0.027000000000000003,-4.9274388,-7.8495246,3.0939732,87.91467551999996,-0.7849524600000001,-71.3619189
0.73,73,-0.046,-0.954,0.031,-6.875496000000001,-7.2192707999999985,2.5210152000000003,87.84592056,-0.8136003599999999,-71.43067386
0.74,74,-0.056,-0.953,0.035,-8.651665800000002,-5.72958,1.145916,87.80008391999998,-0.8594370000000001,-71.49369924
0.75,75,-0.055,-0.965,0.032,-10.1413566,-3.8388186,-0.3437748,87.69695148,-0.8537074199999999,-71.5338063
0.76,76,-0.039,-0.981,0.031,-11.172681,-3.0939732,-1.8907613999999997,87.58235988,-0.83651868,-71.5624542
0.77,77,-0.016,-0.997,0.032,-11.917526400000002,-2.9793816000000004,-3.2658606,87.46203870000002,-0.8078707799999998,-71.59683168000002
0.78,78,0.006,-1.017,0.033,-12.261301199999998,-3.0939732,-4.0680017999999984,87.33598794000002,-0.76776372,-71.63120916
0.79,79,0.024,-1.037,0.033,-12.4331886,-3.724227,-4.4117766,87.24431466,-0.69900876,-71.67131622000002
0.8,80,0.036000000000000004,-1.056,0.034,-12.0894138,-4.6982556,-4.1252976000000015,87.12399348,-0.6589017,-71.71715286
0.81,81,0.041,-1.071,0.041,-10.7143146,-5.6722842,-3.4377480000000005,87.01513145999998,-0.6302538000000001,-71.78017824
0.8200000000000001,82,0.037000000000000005,-1.077,0.048,-9.224623800000002,-6.3025379999999975,-2.291832,86.92345818,-0.6073354799999999,-71.84320362
0.8300000000000001,83,0.03,-1.071,0.052000000000000005,-8.651665800000002,-6.130650599999999,-1.2032118,86.83751448000002,-0.59587632,-71.90622900000002
0.8400000000000001,84,0.021,-1.052,0.053,-8.9381448,-5.443101,-0.4583664000000001,86.80886658,-0.5729580000000001,-71.9635248
0.85,85,0.01,-1.033,0.045,-10.313244,-4.8128472,0.0,86.70573413999998,-0.5729580000000001,-72.00936143999998
0.86,86,0.0,-1.014,0.029,-12.3758928,-4.4690724,0.3437748,86.58541296,-0.5786875800000001,-72.05519808
0.87,87,-0.009000000000000001,-1.0,0.009000000000000001,-14.7823164,-4.4690724,0.572958,86.43644388,-0.59014674,-72.10103472
0.88,88,-0.016,-0.984,-0.006999999999999999,-17.9335854,-4.8128472,0.2291832000000001,86.25309732000002,-0.59587632,-72.15260094
0.89,89,-0.026,-0.957,-0.033,-22.91832,-5.5576926,-0.6875496,86.01818454000002,-0.59587632,-72.20989674
0.9,90,-0.037000000000000005,-0.914,-0.066,-28.4187168,-6.3025379999999975,-2.86479,85.73170554,-0.5729580000000001,-72.2786517
0.91,91,-0.052000000000000005,-0.856,-0.09,-32.830493399999995,-7.1046792000000005,-5.844171599999999,85.39938989999997,-0.52139178,-72.35313624
0.92,92,-0.07,-0.792,-0.101,-33.9191136,-7.8495246,-9.9121734,85.0556151,-0.4297185000000001,-72.44480952
0.93,93,-0.085,-0.737,-0.107,-33.6326346,-8.651665800000002,-14.9542038,84.71756988,-0.29220857999999994,-72.54794196
0.9400000000000001,94,-0.1,-0.69,-0.112,-33.518043,-9.0527364,-20.05353,84.3680655,-0.11459160000000004,-72.65680397999998
0.9500000000000001,95,-0.119,-0.6509999999999999,-0.096,-33.6326346,-7.448453999999999,-24.9809688,84.03002028,0.11459160000000004,-72.75993642
0.9600000000000001,96,-0.129,-0.638,-0.066,-34.4920716,-3.0366774,-28.81978740000001,83.67478632,0.39534102,-72.8229618
0.97,97,-0.142,-0.6809999999999999,-0.041,-35.4088044,2.5210152000000003,-30.7105488,83.31382278,0.69900876,-72.83442096
0.98,98,-0.14300000000000002,-0.787,-0.027000000000000003,-36.1536498,8.7089616,-30.65325300000001,82.94712966,1.0026765,-72.78858432000001
0.99,99,-0.149,-0.93,-0.031,-34.66395900000001,15.5844576,-28.361421000000004,82.60908443999998,1.27196676,-72.67399272
1.0,100,-0.165,-1.0590000000000002,-0.016,-28.1895336,18.3919518,-24.064235999999998,82.32260544,1.52406828,-72.53075322000002
1.01,101,-0.171,-1.152,0.034,-17.246035799999998,17.9335854,-18.9649098,82.15071803999999,1.73033316,-72.37605456
1.02,102,-0.154,-1.227,0.101,-9.453807000000001,16.558486199999994,-13.0634424,82.05331518,1.87357266,-72.23281506
1.03,103,-0.118,-1.285,0.19,-6.3598338,16.042824000000003,-6.990087599999999,81.9902898,1.9595163600000003,-72.08384598
1.04,104,-0.071,-1.346,0.271,-5.1566220000000005,18.621135,-2.8074942000000003,81.97883064,1.99962342,-71.90622900000002
1.05,105,-0.004,-1.474,0.34,-4.3544808,22.631841,0.4583664000000001,81.93872358,2.02254174,-71.68277538
1.06,106,0.056,-1.63,0.3670000000000001,-8.021412000000002,26.069589,4.7555514,81.85850946000002,2.005353,-71.4192147
1.07,107,0.096,-1.692,0.35700000000000004,-17.9335854,24.9809688,8.59437,81.68662206,1.9480572000000005,-71.16711318
1.08,108,0.096,-1.724,0.381,-22.2307704,22.5172494,12.2040054,81.46316844,1.85065434,-70.93220040000001
1.09,109,0.1,-1.707,0.359,-29.2781538,16.7876694,16.501190400000002,81.18241902,1.7074148399999998,-70.74312426
1.1,110,0.08,-1.655,0.344,-35.3515086,9.568398599999998,21.2567418,80.82718506,1.50687954,-70.61707349999998
1.11,111,0.046,-1.591,0.339,-42.4561878,5.1566220000000005,25.7258142,80.39746656,1.25477802,-70.5311298
1.12,112,0.005,-1.519,0.262,-52.998615,1.4896908000000002,29.621928600000004,79.85888604,0.96256944,-70.473834
1.1300000000000001,113,-0.038,-1.3769999999999998,0.15,-60.2751816,-1.8907613999999997,32.8877892,79.24582097999998,0.6302538000000001,-70.43945652
1.1400000000000001,114,-0.101,-1.252,0.038,-59.93140680000001,-5.3858052,35.809875,78.65567424,0.25783110000000004,-70.42799735999998
1.1500000000000001,115,-0.14300000000000002,-1.149,-0.042,-58.613603399999995,-5.9014674000000005,37.7006364,78.0655275,-0.12032118,-70.41653819999998
1.1600000000000001,116,-0.134,-1.042,-0.068,-55.576926,-5.958763200000001,38.3308902,77.50402865999997,-0.5099326200000001,-70.40507904
1.17,117,-0.134,-0.953,-0.078,-50.76407879999999,-7.6776372,37.1849742,76.98836646,-0.8880849000000001,-70.39934946000002
1.18,118,-0.131,-0.835,-0.08800000000000001,-44.690724,-11.745639,35.3515086,76.53572964,-1.2605076000000002,-70.43945652
1.19,119,-0.171,-0.7440000000000001,-0.142,-34.1482968,-15.870936600000002,33.002380800000005,76.19195484000002,-1.6386598799999998,-70.51967064
1.2,120,-0.195,-0.667,-0.231,-20.340009,-14.5531332,28.991674800000002,75.99141954000002,-1.9480572000000005,-70.59415518
1.21,121,-0.232,-0.598,-0.26,-13.2353298,-9.8548776,22.345362,75.8596392,-2.18869956,-70.63999182
1.22,122,-0.233,-0.53,-0.256,-15.6417534,-6.760904399999999,12.5477802,75.69921095999999,-2.32620948,-70.6743693
1.23,123,-0.201,-0.489,-0.271,-11.3445684,-2.291832,1.3750992,75.59034894,-2.34339822,-70.69728762
1.24,124,-0.17,-0.448,-0.266,-8.880849000000003,0.2291832000000001,-6.4744254,75.47575734,-2.30329116,-70.70874678
1.25,125,-0.13,-0.426,-0.22,-4.6982556,4.1252976000000015,-11.2872726,75.42419112,-2.18869956,-70.69728762
1.26,126,-0.071,-0.386,-0.197,-0.11459160000000004,8.4224826,-12.891555,75.42419112,-2.04546006,-70.65145097999998
1.27,127,0.006999999999999999,-0.355,-0.18,5.9014674000000005,12.4904844,-12.2040054,75.47575734,-1.89649098,-70.5597777
1.28,128,0.065,-0.35600000000000004,-0.18,9.453807000000001,15.756345000000001,-9.9121734,75.56743062000002,-1.76471064,-70.42799735999998
1.29,129,0.097,-0.379,-0.191,7.8495246,16.8449652,-5.7868758000000025,75.62472642,-1.6558486199999998,-70.27902828
1.3,130,0.132,-0.42,-0.22,1.0313244,15.6417534,0.4010706,75.63045600000002,-1.6272007199999998,-70.12432962
1.31,131,0.172,-0.506,-0.3,-9.969469199999999,8.250595200000001,10.026765,75.52159398,-1.7074148399999998,-70.02119718
1.32,132,0.201,-0.631,-0.349,-19.0795014,-5.443101,18.8503182,75.33251784000002,-1.90222056,-70.03265634
1.33,133,0.274,-0.773,-0.355,-26.1268848,-17.9335854,26.5852512,75.07468673999998,-2.20015872,-70.14151836
1.34,134,0.364,-0.977,-0.336,-32.7159018,-26.8717302,31.5699858,74.74810068,-2.52674478,-70.31913534
1.35,135,0.428,-1.18,-0.298,-36.38283300000001,-33.6899304,29.1635622,74.39286672,-2.8934379,-70.57123686
1.36,136,0.434,-1.346,-0.212,-33.231564,-37.41415739999999,17.8189938,74.07773982,-3.15699858,-70.88636376
1.37,137,0.234,-1.4240000000000002,-0.037000000000000005,-17.9908812,-39.820581,4.6409598,73.92304116,-3.30023808,-71.25305688
1.3800000000000001,138,-0.024,-1.569,0.09,-10.6570188,-43.20103320000001,-12.0894138,73.84855662,-3.2945085,-71.70569370000003
1.3900000000000001,139,-0.325,-1.71,0.105,-11.229976800000001,-48.128471999999995,-33.6326346,73.77980166,-3.0997027800000003,-72.26146296
1.4000000000000001,140,-0.51,-1.7380000000000002,0.131,-5.2139178,-50.5348956,-45.72204840000001,73.76261292000002,-2.79030546,-72.86879844
1.4100000000000001,141,-0.564,-1.823,0.094,1.2605076000000002,-45.3782736,-49.90464179999999,73.80844956,-2.42934192,-73.44175643999998
1.42,142,-0.455,-1.909,0.105,-3.0939732,-34.2055926,-45.550161,73.79699040000001,-2.07983754,-73.89439326
1.43,143,-0.294,-1.96,0.087,-12.4331886,-19.0222056,-35.4088044,73.6823988,-1.78762896,-74.17514268
1.44,144,-0.152,-1.949,0.068,-13.6936962,-3.2658606,-22.86102420000001,73.55061846,-1.5813640800000002,-74.27254554
1.45,145,-0.076,-1.895,0.083,-12.3758928,8.651665800000002,-10.3705398,73.4245677,-1.4610428999999998,-74.22097932
1.46,146,-0.071,-1.801,0.091,-9.797581800000001,17.9908812,-2.7501984,73.31570568,-1.38655836,-74.0548215
1.47,147,-0.108,-1.6909999999999998,0.103,-7.8495246,30.93973200000001,0.0,73.2240324,-1.31207382,-73.76261292000002
1.48,148,-0.14,-1.547,0.024,-3.7815227999999994,44.0031744,-0.4010706,73.17246618,-1.19175264,-73.34435358
1.49,149,-0.17800000000000002,-1.396,0.002,6.703608600000001,54.3164184,-1.7761698,73.24695072,-1.04278356,-72.82869138
1.5,150,-0.184,-1.234,-0.037000000000000005,11.516455800000001,62.3378304,-2.86479,73.35008316,-0.8537074199999999,-72.23854464
1.51,151,-0.188,-1.047,-0.075,20.2254174,65.2599162,-3.2085648,73.53342971999999,-0.65317212,-71.62547958
1.52,152,-0.165,-0.8759999999999999,-0.117,26.9863218,64.9161414,-2.8074942000000003,73.79699040000001,-0.46409598,-71.01241452000002
1.53,153,-0.106,-0.674,-0.154,32.372127,59.7022236,-1.0313244,74.1121173,-0.29793816,-70.43945652
1.54,154,0.005,-0.47,-0.159,37.0130868,51.1651494,0.11459160000000004,74.47308084,-0.16615782,-69.94098306000001
1.55,155,0.14400000000000002,-0.279,-0.177,40.7946096,45.1490904,-0.4583664000000001,74.87988102,-0.05156622,-69.50553498000001
1.56,156,0.28800000000000003,-0.141,-0.155,44.51883660000001,40.5654264,-1.8334656000000005,75.32678826,0.057295800000000015,-69.11592354000001
1.57,157,0.384,-0.045,-0.126,40.4508348,33.8618178,-2.6929026,75.73358843999998,0.16042824,-68.79506706
1.58,158,0.388,0.057,-0.13699999999999998,31.340802600000004,25.84040580000001,-2.6356068,76.04871534,0.24637194,-68.54869512
1.59,159,0.329,0.15,-0.126,22.6891368,17.8189938,-0.6875496,76.25498022,0.33231564,-68.37107814
1.6,160,0.235,0.202,-0.101,18.2773602,8.9954406,3.151269,76.43832678,0.32085648,-68.27940486
1.61,161,0.118,0.258,-0.08199999999999999,16.329303,-0.057295800000000015,7.9641161999999985,76.60448459999998,0.24637194,-68.25648654
1.62,162,0.023,0.28,-0.07,14.7823164,-11.6310474,12.261301199999998,76.75918326,0.10313244,-68.34243024000001
1.6300000000000001,163,-0.025,0.265,-0.041,11.688343199999998,-24.2361234,14.8396122,76.87950443999998,-0.08021412,-68.54296554
1.6400000000000001,164,-0.019,0.208,-0.064,5.443101,-34.2055926,14.7250206,76.92534108,-0.29220857999999994,-68.8409037
1.6500000000000001,165,-0.001,0.118,-0.122,-2.9793816000000004,-41.8832298,11.917526400000002,76.90242276000002,-0.49274388,-69.21905598
1.6600000000000001,166,0.044,-0.02,-0.24,-7.7349330000000025,-42.97185,6.0733548,76.8336678,-0.63598338,-69.62585616
1.6700000000000002,167,0.097,-0.252,-0.374,-4.297185,-35.809875,-0.9167328,76.79929032,-0.69900876,-69.97536054
1.68,168,0.1,-0.762,-0.5539999999999999,-4.3544808,-24.064235999999998,-10.026765,76.75918326,-0.64744254,-70.22746206
1.69,169,-0.158,-2.426,-1.239,-42.4561878,-7.3911582,-30.7678446,76.32946476,-0.3724227000000001,-70.37643114
1.7,170,-0.5539999999999999,-3.262,-0.424,8.9381448,-8.7662574,-50.5921914,76.42113803999997,0.09167328,-70.57696644
1.71,171,-0.6809999999999999,-2.725,0.544,-0.572958,2.5210152000000003,-39.3049188,76.41540846000002,0.48128472,-70.63999182
1.72,172,-0.335,-1.855,-0.07400000000000001,-70.6457214,21.772404,-20.9702628,75.69348138000002,0.72192708,-70.49102274
1.73,173,-0.116,-1.395,-0.097,-14.9542038,16.959556799999998,-10.026765,75.54451230000002,0.8537074199999999,-70.35351282
1.74,174,0.152,-1.7719999999999998,0.061,24.350715,12.261301199999998,-3.0366774,75.79661381999998,0.9167328000000001,-70.23892122
1.75,175,0.449,-2.251,-0.058,8.880849000000003,18.162768600000003,-1.0886202,75.88828709999999,0.96256944,-70.06130424
1.76,176,0.5589999999999999,-2.258,-0.06,-14.7823164,14.2093584,2.7501984,75.73358843999998,0.96829902,-69.92379432
1.77,177,0.461,-2.077,-0.002,-23.777757,0.0,9.2819196,75.49294608,0.87662574,-69.900876
1.78,178,0.316,-2.0780000000000003,0.002,-24.4080108,-18.7357266,18.1054728,75.24657413999998,0.65317212,-70.03838592
1.79,179,0.205,-2.146,-0.013,-31.2835068,-30.366774000000003,23.7204612,74.93717682,0.35523396,-70.27329870000001
1.8,180,0.146,-2.064,-0.004,-40.5081306,-39.6486936,25.0955604,74.53037664,0.01718874,-70.59415518
1.81,181,0.065,-1.848,0.015,-44.977203,-53.285094,25.0955604,74.0834694,-0.34950438,-71.04106241999997
1.82,182,0.01,-1.689,0.001,-43.4302164,-70.8176088,23.14750320000001,73.65948048,-0.75057498,-71.65985706000002
1.83,183,-0.028,-1.497,-0.042,-36.1536498,-86.34477059999998,18.907614000000002,73.31570568,-1.1573751600000002,-72.43335035999998
1.84,184,-0.064,-1.274,-0.105,-20.798375399999998,-94.9964364,14.7823164,73.14954786,-1.5469866,-73.30424652
1.85,185,-0.121,-1.044,-0.195,-1.6042823999999998,-95.970465,11.2872726,73.17246618,-1.90795014,-74.18660184000002
1.86,186,-0.177,-0.86,-0.285,26.5852512,-91.2149136,6.3598338,73.48759308,-2.20015872,-75.03457968000002
1.87,187,-0.211,-0.6629999999999999,-0.279,47.7846972,-85.1415588,0.286479,74.01471444,-2.41215318,-75.84818004
1.8800000000000001,188,-0.213,-0.5379999999999999,-0.232,63.08267579999999,-76.0888224,-6.875496000000001,74.70226404,-2.5210152000000003,-76.59302543999998
1.8900000000000001,189,-0.239,-0.359,-0.223,58.3271244,-70.8176088,-14.7823164,75.32105868,-2.55539268,-77.30349336
1.9000000000000001,190,-0.233,-0.181,-0.203,55.9779966,-66.6350154,-20.2254174,75.92839416000002,-2.49809688,-77.99104296
1.9100000000000001,191,-0.231,-0.022,-0.209,49.7900502,-65.66098679999999,-22.6891368,76.46697467999998,-2.41215318,-78.67286298
1.9200000000000002,192,-0.22,0.125,-0.188,43.3156248,-63.88481700000001,-23.4339822,76.94252982,-2.30902074,-79.34322384000002
1.93,193,-0.19,0.235,-0.134,38.8465524,-57.1812084,-24.2361234,77.37224832,-2.18296998,-79.95055932
1.94,194,-0.133,0.284,-0.116,34.66395900000001,-43.4302164,-25.0955604,77.72748228,-2.02827132,-80.42038488
1.95,195,-0.048,0.295,-0.091,32.2002396,-27.215505,-26.41336380000001,78.0655275,-1.81627686,-80.73551178
1.96,196,0.013,0.297,-0.02,29.2781538,-12.0894138,-26.5279554,78.36919524,-1.5756344999999998,-80.90166959999998
1.97,197,0.039,0.276,0.065,26.8717302,3.6669312000000014,-23.6058696,78.64421508000002,-1.3349921400000002,-80.91312875999998
1.98,198,0.038,0.24,0.122,24.0069402,19.480572,-17.6471064,78.87912786,-1.12872726,-80.75270051999998
1.99,199,0.028,0.183,0.121,17.6471064,37.52874900000001,-10.599723,79.05674484,-0.96256944,-80.40319614
2.0,200,-0.02,0.104,0.036000000000000004,8.880849000000003,46.982556,-4.4117766,79.13122938000002,-0.8422482600000001,-79.95055932
2.01,201,-0.149,-0.053,-0.117,0.8021411999999999,41.9978214,1.7761698,79.13122938000002,-0.7906820400000001,-79.53802956
2.02,202,-0.256,-0.28800000000000003,-0.313,-1.8334656000000005,34.66395900000001,10.026765,79.10258148,-0.83651868,-79.18279559999998
2.03,203,-0.339,-0.823,-0.5329999999999999,-6.9327918,27.215505,20.454600600000006,79.02236736,-0.9912173399999998,-78.87912786
2.04,204,-0.391,-1.91,-0.924,-44.2896534,5.844171599999999,35.695283399999994,78.56973054,-1.3349921400000002,-78.75880667999998
2.05,205,-0.207,-3.027,-1.098,-87.8917572,-28.8770832,56.72284200000001,77.68737522,-1.9480572000000005,-78.93642365999997
2.0599999999999996,206,0.192,-2.501,-0.22,-30.5959572,-17.9908812,45.4355694,77.38370748,-2.42361234,-79.01663778
2.07,207,0.438,-2.154,-0.162,-44.7480198,7.0473834,24.8663772,76.92534108,-2.65852512,-78.89631659999998
2.0799999999999996,208,0.461,-1.71,-0.221,-36.096354,14.9542038,16.042824000000003,76.54718879999999,-2.78457588,-78.71869962000002
2.09,209,0.182,-1.467,-0.271,-13.2353298,19.7097552,12.605076,76.39821972,-2.85906042,-78.50097558
2.0999999999999996,210,-0.17,-1.5759999999999998,-0.316,5.5003968,9.969469199999999,5.0993262,76.44978594,-2.88770832,-78.39211356000001
2.11,211,-0.383,-1.933,-0.278,13.6936962,2.6356068,-11.5737516,76.58729586000003,-2.76738714,-78.39211356000001
2.1199999999999997,212,-0.5329999999999999,-2.137,-0.14300000000000002,11.8029348,9.453807000000001,-27.043617600000005,76.70188746,-2.48663772,-78.35773608
2.13,213,-0.563,-2.117,-0.035,9.8548776,24.4080108,-34.4920716,76.79356074,-2.10275586,-78.19730784
2.1399999999999997,214,-0.473,-2.055,0.07200000000000001,11.1153852,38.67466500000001,-32.142943800000005,76.89669318,-1.71314442,-77.8936401
2.15,215,-0.311,-2.019,0.131,7.5057497999999985,52.82672760000001,-25.4393352,76.95398897999998,-1.36364004,-77.43527370000002
2.1599999999999997,216,-0.188,-1.886,0.16699999999999998,4.583664,67.9528188,-17.475219,76.97690730000002,-1.0599723,-76.81647905999998
2.17,217,-0.095,-1.729,0.199,-1.7188740000000002,81.07355700000002,-10.5424272,76.93680024,-0.8021412000000001,-76.05444492
2.1799999999999997,218,-0.011,-1.546,0.153,0.0,92.7619002,-4.1252976000000015,76.91388192,-0.5786875800000001,-75.16636002
2.19,219,0.066,-1.305,0.073,11.516455800000001,96.9444936,-3.6669312000000014,77.0342031,-0.3437748,-74.23243848
2.1999999999999997,220,0.1,-1.063,-0.044,27.5592798,94.1942952,-4.8128472,77.29776378,-0.10886202,-73.32716484
2.21,221,0.099,-0.863,-0.173,44.34694920000001,85.82910840000002,-3.151269,77.73321186000003,0.08021412,-72.49637574
2.2199999999999998,222,0.125,-0.687,-0.239,56.3790672,71.1613836,2.3491278,78.30044028,0.18907614,-71.79163739999998
2.23,223,0.157,-0.4970000000000001,-0.198,57.2385042,57.811462199999994,7.6776372,78.87339828,0.21772404,-71.21294982
2.2399999999999998,224,0.177,-0.322,-0.079,53.68616460000001,47.0398518,12.7196676,79.41770838,0.19480572,-70.72020594
2.25,225,0.299,-0.14,0.07,51.33703679999999,39.9924684,19.6524594,79.93337058,0.06875496,-70.29048744
2.26,226,0.412,0.003,0.029,41.76863820000001,33.3461556,25.1528562,80.3573595,-0.12032118,-69.91806474
2.27,227,0.462,0.103,-0.08900000000000001,30.8824362,22.345362,27.444688199999998,80.66675682,-0.35523396,-69.65450406
2.28,228,0.45,0.18600000000000005,-0.14300000000000002,22.631841,9.969469199999999,27.6738714,80.89021044,-0.61306506,-69.51126456
2.29,229,0.364,0.257,-0.165,22.9756158,-2.0053530000000004,27.9603504,81.09647532,-0.8479778399999999,-69.48261666
2.3,230,0.24,0.281,-0.171,29.220858000000003,-13.178034,28.934379,81.40014306,-1.1459160000000002,-69.56283078
2.31,231,0.112,0.28800000000000003,-0.135,33.4607472,-24.1788276,30.5386614,81.74964744,-1.47250206,-69.7576365
2.32,232,0.048,0.276,-0.07,32.6013102,-32.830493399999995,29.7365202,82.09342224,-1.79908812,-70.03265634
2.3299999999999996,233,0.01,0.266,0.004,29.621928600000004,-39.7632852,25.1528562,82.40854913999998,-2.08556712,-70.38789030000002
2.34,234,0.012,0.195,0.033,22.8037284,-47.555514,16.8449652,82.66065066,-2.2918320000000003,-70.83479754
2.3499999999999996,235,0.045,0.079,-0.07400000000000001,18.3919518,-43.9458786,9.3392154,82.87264512,-2.42361234,-71.25305688
2.36,236,0.08,-0.11,-0.208,16.2147114,-36.096354,1.8907613999999997,83.05599168,-2.47517856,-71.60256126
2.3699999999999997,237,0.07200000000000001,-0.415,-0.341,13.980175199999998,-35.7525792,-7.161975,83.2221495,-2.4350715000000003,-71.9635248
2.38,238,-0.009000000000000001,-1.079,-0.601,1.8907613999999997,-25.8977016,-24.2934192,83.25652698,-2.22307704,-72.24427422
2.3899999999999997,239,-0.376,-2.625,-1.262,-54.25912260000001,2.2345362,-53.9153478,82.70075771999998,-1.6902260999999998,-72.29584044
2.4,240,-0.5329999999999999,-3.378,-0.7290000000000001,-38.61736920000001,-8.59437,-69.6716928,82.31687586000002,-1.01986524,-72.47345742
2.4099999999999997,241,-0.439,-2.568,0.41,16.7876694,-9.797581800000001,-59.24385720000001,82.48876326,-0.44117766,-72.64534482
2.42,242,-0.13699999999999998,-1.724,-0.312,-64.457775,-12.261301199999998,-39.1330314,81.83559113999998,-0.07448454,-72.8229618
2.4299999999999997,243,-0.047,-1.425,-0.14,-11.0580894,-19.6524594,-21.6578124,81.72672911999999,0.10886202,-73.04641542
2.44,244,0.301,-1.773,-0.042,4.297185,-16.615782,-16.7303736,81.77256575999998,0.25783110000000004,-73.22976198
2.4499999999999997,245,0.6459999999999999,-2.059,-0.115,5.2712136,-12.4904844,-16.329303,81.82413198,0.40680018,-73.37873106
2.46,246,0.74,-2.109,-0.076,-6.6463128000000005,-26.069589,-12.2040054,81.76110659999998,0.49274388,-73.6537509
2.4699999999999998,247,0.625,-2.017,0.014,-23.14750320000001,-47.6128098,-4.1825934,81.52619381999997,0.48128472,-74.12930604
2.48,248,0.424,-2.032,0.092,-25.4393352,-66.6350154,4.4690724,81.27409229999998,0.34950438,-74.77674858
2.4899999999999998,249,0.181,-2.079,0.1,-26.1841806,-78.5525418,10.9434978,81.0162612,0.14323950000000002,-75.53305314
2.5,250,-0.023,-2.01,0.075,-28.361421000000004,-86.2874748,12.318597,80.74124136,-0.0859437,-76.36384224
2.51,251,-0.12,-1.821,0.063,-32.372127,-84.8550798,12.6623718,80.42611446000002,-0.32658606,-77.17744259999998
2.52,252,-0.166,-1.5730000000000002,0.025,-23.204799,-79.9849368,13.0634424,80.20839042,-0.56722842,-77.93947674
2.53,253,-0.208,-1.361,0.003,-3.0939732,-74.198061,13.2926256,80.19693126,-0.8021412000000001,-78.64421508000002
2.54,254,-0.222,-1.165,-0.028,14.5531332,-71.04679200000002,14.0947668,80.37454824,-1.06570188,-79.32030552
2.55,255,-0.219,-0.973,-0.08,35.52339600000001,-70.8176088,14.2093584,80.7584301,-1.29488508,-79.9849368
2.56,256,-0.188,-0.79,-0.15,58.72819499999999,-70.8176088,14.381245800000002,81.38295432,-1.5183387000000002,-80.64956808000002
2.57,257,-0.124,-0.62,-0.224,78.6671334,-68.98414319999999,14.0947668,82.20801384,-1.73033316,-81.30274019999997
2.5799999999999996,258,-0.109,-0.461,-0.212,92.8764918,-57.811462199999994,11.5737516,83.17631286,-1.8907613999999997,-81.8470503
2.59,259,-0.17800000000000002,-0.331,-0.154,85.8864042,-43.6021038,7.2765666,84.05866818,-2.01681216,-82.25958005999998
2.5999999999999996,260,-0.299,-0.134,-0.117,69.15603060000001,-28.934379,2.0626488000000003,84.7691361,-2.05118964,-82.5345999
2.61,261,-0.454,0.066,-0.078,54.4883058,-15.0114996,-4.5263682,85.33063494000002,-2.005353,-82.68356897999998
2.6199999999999997,262,-0.551,0.237,-0.052000000000000005,49.5035712,0.0,-11.45916,85.83483798,-1.8907613999999997,-82.68356897999998
2.63,263,-0.526,0.307,-0.026,49.1597964,16.615782,-16.329303,86.32758186,-1.7188740000000002,-82.52887032
2.6399999999999997,264,-0.413,0.3,-0.041,45.0344988,30.8824362,-17.6471064,86.76302994,-1.56990492,-82.22520258
2.65,265,-0.248,0.226,-0.031,40.7946096,40.90920120000001,-16.8449652,87.15837096,-1.38655836,-81.82413198
2.6599999999999997,266,-0.114,0.133,-0.025,33.8618178,52.0818822,-16.042824000000003,87.48495702,-1.21467096,-81.31419936
2.67,267,-0.025,0.09,-0.006,28.0176462,61.36380179999999,-15.3552744,87.74851770000002,-1.05424272,-80.71259346
2.6799999999999997,268,0.051,0.041,0.019,19.194093,76.2607098,-12.605076,87.92040510000002,-0.9167328000000001,-79.9562889
2.69,269,0.134,-0.044,-0.126,3.9534102,97.8039306,-4.6409598,87.90894594,-0.8479778399999999,-78.99371946
2.6999999999999997,270,0.161,-0.149,-0.32,-6.130650599999999,106.6274838,8.9381448,87.81154308,-0.92246238,-77.93374716000002
2.71,271,0.031,-0.366,-0.34700000000000003,-10.3705398,89.954406,25.6685184,87.67976274,-1.1688343199999998,-77.03993267999998
2.7199999999999998,272,-0.1,-0.7859999999999999,-0.34700000000000003,-21.8869956,77.92228800000002,43.6021038,87.42766122,-1.59282324,-76.24925064
2.73,273,0.027000000000000003,-1.744,-0.8029999999999999,-36.7839036,68.8695516,78.781725,87.02086104,-2.36631654,-75.53878272
2.7399999999999998,274,0.141,-2.908,-1.192,-90.06899759999996,44.4615408,121.3525044,86.07548034,-3.56379876,-75.04030925999999
2.75,275,0.234,-2.489,-0.565,-64.3431834,81.7611066,99.4655088,85.35355326,-4.51490904,-74.16368352
2.76,276,0.196,-1.981,0.063,-8.3651868,68.98414319999999,75.2293854,85.19885459999998,-5.21964738,-73.4245677
2.77,277,-0.124,-1.871,-0.14300000000000002,-16.157415599999997,71.04679200000002,41.3675676,84.95248266,-5.59207008,-72.68545188
2.78,278,-0.35200000000000004,-1.636,-0.245,-3.4950437999999995,75.916935,21.7151082,84.83216148,-5.7582279000000005,-71.91768816
2.79,279,-0.421,-1.761,-0.108,16.386598799999998,66.69231119999999,17.761698000000006,84.92383476,-5.895737819999999,-71.23586814000002
2.8,280,-0.397,-1.9,-0.108,12.261301199999998,66.0620574,15.3552744,84.96967140000002,-6.01032942,-70.56550728
2.81,281,-0.401,-1.794,-0.008,8.651665800000002,72.30729960000002,14.381245800000002,84.96967140000002,-6.1077322800000005,-69.83785062
2.82,282,-0.35200000000000004,-1.818,0.006,2.291832,89.83981440000002,17.246035799999998,84.8837277,-6.22232388,-68.9268474
2.8299999999999996,283,-0.271,-1.789,0.0,5.72958,101.7573408,19.6524594,84.81497274,-6.35410422,-67.90125258
2.84,284,-0.181,-1.741,0.081,9.740286,109.4922738,19.308684600000007,84.78059526000001,-6.474425399999999,-66.79544364
2.8499999999999996,285,-0.106,-1.704,0.112,1.8907613999999997,110.580894,17.0741484,84.66027408,-6.57755784,-65.68390511999999
2.86,286,-0.029,-1.622,0.128,-2.1199446,106.1691174,13.178034,84.49984584,-6.63485364,-64.61820324
2.8699999999999997,287,0.024,-1.4980000000000002,0.14400000000000002,-3.6669312000000014,101.0697912,6.990087599999999,84.33368802,-6.63485364,-63.60979716000001
2.88,288,0.07200000000000001,-1.319,0.163,0.4010706,98.3768886,-0.7448454000000001,84.21336684,-6.560369099999999,-62.63003898
2.8899999999999997,289,0.081,-1.112,0.16899999999999998,15.3552744,97.0017894,-7.906820400000001,84.27066264,-6.3884817000000025,-61.67892870000001
2.9,290,0.114,-1.013,0.133,37.2995658,92.3608296,-13.407217200000002,84.5399529,-6.1879464,-60.76792548
2.9099999999999997,291,0.15,-0.905,0.036000000000000004,48.5868384,82.5632478,-15.0114996,84.93529392,-5.98168152,-59.9600547
2.92,292,0.159,-0.762,0.003,53.34238979999999,72.4218912,-15.0114996,85.39366032000002,-5.7868758,-59.24385720000001
2.9299999999999997,293,0.118,-0.622,-0.102,57.4103916,59.186561399999995,-13.178034,85.90932252,-5.62644756,-58.65944003999999
2.94,294,0.14400000000000002,-0.482,-0.152,68.52577679999999,41.3675676,-9.167328,86.53957632,-5.48893764,-58.24691028
2.9499999999999997,295,0.215,-0.377,-0.175,74.82831479999999,30.65325300000001,-1.2605076000000002,87.26723297999996,-5.46028974,-57.93751296000001
2.96,296,0.34700000000000003,-0.233,-0.17,68.98414319999999,22.6891368,8.5370742,87.94332342,-5.53477428,-57.6968706
2.9699999999999998,297,0.494,-0.031,-0.129,59.35844880000001,13.521808800000002,17.761698000000006,88.52774058,-5.70666168,-57.5536311
2.98,298,0.524,0.119,-0.08199999999999999,46.982556,0.572958,25.8977016,89.00329572000004,-5.958763200000001,-57.53644236
2.9899999999999998,299,0.469,0.26,-0.036000000000000004,34.950438,-13.2926256,30.9970278,89.36998884,-6.2165943,-57.65676354000001
3.0,300,0.333,0.32299999999999995,-0.021,30.0229992,-26.1841806,34.262888399999994,89.70803406,-6.54890994,-57.91459464
3.01,301,0.187,0.31,-0.022,28.8770832,-37.4714532,35.122325399999994,90.05180886000002,-6.886955159999999,-58.28128776
3.02,302,0.067,0.268,-0.033,28.5333084,-44.690724,33.6326346,90.40131324,-7.20208206,-58.72819500000001
3.03,303,0.006,0.191,-0.027000000000000003,28.4760126,-47.0398518,29.67922440000001,90.7565472,-7.477101899999999,-59.19802056000001
3.04,304,-0.037000000000000005,0.083,-0.006999999999999999,23.4339822,-44.1750618,24.1215318,91.05448536,-7.717744259999999,-59.63919822
3.05,305,-0.063,-0.11,-0.023,10.5424272,-35.52339600000001,15.6990492,91.2149136,-7.85525418,-59.99443218
3.06,306,0.031,-0.295,-0.151,-11.6310474,0.1718874,0.9167328,91.09459242,-7.866713339999999,-59.99443218
3.07,307,0.114,-0.524,-0.484,-23.376686399999997,30.7678446,-11.745639,90.80811342,-7.763580899999999,-59.69076444
3.08,308,0.08800000000000001,-1.057,-0.528,-38.90384820000001,27.3873924,-21.9442914,90.37266534,-7.55731602,-59.4157446
3.09,309,-0.165,-2.575,-1.234,-90.9284346,21.8869956,-43.48751220000001,89.42155505999996,-7.13905668,-59.20947972
3.0999999999999996,310,-0.248,-3.41,-1.327,-99.8665794,15.3552744,-48.5868384,88.39023066,-6.669231119999999,-59.07769938
3.11,311,-0.317,-2.367,0.494,12.7769634,-1.2032118,-48.2430636,88.51628142,-6.1879464,-59.1006177
3.1199999999999997,312,-0.3,-2.533,-0.027000000000000003,-43.544808,-4.010706000000001,-50.3630082,88.08083334,-5.68947294,-59.15791349999999
3.13,313,-0.37,-1.766,-0.239,-37.8725238,-3.0366774,-51.7954032,87.70268106,-5.17954032,-59.20947972
3.1399999999999997,314,-0.292,-1.851,-0.192,-6.875496000000001,0.0,-62.7961968,87.6339261,-4.56074568,-59.23239804
3.15,315,-0.068,-2.009,-0.297,-7.2192707999999985,12.4331886,-66.749607,87.54798240000002,-3.896114400000001,-59.13499518
3.1599999999999997,316,0.203,-1.852,-0.276,-15.5844576,17.9335854,-58.9573782,87.37609499999998,-3.3059676599999994,-58.986026100000004
3.17,317,0.394,-1.714,-0.206,-19.4232762,20.6837838,-43.3729206,87.16410053999998,-2.87624916,-58.80267954
3.1799999999999997,318,0.451,-1.71,-0.17,-14.9542038,21.772404,-25.9549974,87.0036723,-2.61268848,-58.60214424
3.19,319,0.386,-1.6969999999999998,-0.103,-12.6623718,23.376686399999997,-10.4851314,86.8604328,-2.4923673,-58.37296104000001
3.1999999999999997,320,0.285,-1.62,-0.03,-10.5424272,24.5226024,5.1566220000000005,86.74011162,-2.53820394,-58.13231868
3.21,321,0.145,-1.536,0.023,-9.6256944,24.694489800000003,18.8503182,86.62552002,-2.7215505,-57.87448758000001
3.2199999999999998,322,0.018000000000000002,-1.436,0.056,-13.521808800000002,28.5333084,26.5279554,86.47082136,-2.9736520200000003,-57.58227900000001
3.23,323,-0.077,-1.3090000000000002,0.045,-13.8082878,35.5806918,29.0489706,86.30466354,-3.2486718599999995,-57.2098563
3.2399999999999998,324,-0.121,-1.141,0.009000000000000001,-8.479778399999999,46.409598,30.194886600000004,86.19007194,-3.54661002,-56.73430116
3.25,325,-0.147,-0.975,-0.034,1.3178034,59.93140680000001,30.8824362,86.15569446,-3.82735944,-56.1212361
3.26,326,-0.17,-0.831,-0.077,16.615782,74.31265259999998,31.627281600000003,86.26455648,-4.10810886,-55.36493154
3.27,327,-0.166,-0.705,-0.09,28.7051958,86.2874748,32.4294228,86.48228051999996,-4.40031744,-54.4883058
3.28,328,-0.184,-0.6,-0.069,39.47680620000001,94.9391406,32.945085,86.79167784,-4.69252602,-53.52000678
3.29,329,-0.191,-0.4920000000000001,-0.019,48.9306132,100.9551996,33.5753388,87.18701886,-5.00765292,-52.50014154
3.3,330,-0.218,-0.4270000000000001,0.077,56.66554620000001,107.9452872,33.0596766,87.65111484,-5.31705024,-51.40579176
3.31,331,-0.233,-0.39,0.133,58.2698286,105.424272,30.93973200000001,88.12666998,-5.60925882,-50.34581946000001
3.32,332,-0.236,-0.35200000000000004,0.222,53.5142772,98.262297,26.41336380000001,88.56211806,-5.86708992,-49.35460212
3.33,333,-0.198,-0.257,0.197,45.1490904,96.6580146,21.6005166,88.90589286,-6.079084379999999,-48.386303100000006
3.34,334,-0.14300000000000002,-0.118,0.153,37.8725238,97.5747474,16.7303736,89.19237186000002,-6.2738901,-47.40654492
3.3499999999999996,335,-0.069,-0.037000000000000005,0.051,32.4294228,95.3402112,11.9748222,89.39863674,-6.40567044,-46.45543464000001
3.36,336,-0.01,0.043,0.006,31.627281600000003,91.1576178,8.3651868,89.6106312,-6.5030733,-45.54443142
3.3699999999999997,337,0.078,0.083,0.034,35.2942128,90.41277240000001,5.2139178,89.85127356000002,-6.5718282599999975,-44.63915778
3.38,338,0.119,0.029,0.028,37.8725238,97.0590852,5.2712136,90.10910466,-6.6463128,-43.67085876
3.3899999999999997,339,0.111,0.025,0.043,36.32553720000001,108.1171746,8.021412000000002,90.34974702,-6.7379860800000015,-42.59369772
3.4,340,0.116,-0.032,0.061,30.93973200000001,125.4205062,13.0634424,90.4987161,-6.90987348,-41.34464928
3.4099999999999997,341,0.119,-0.115,-0.081,20.340009,141.0622596,19.767051,90.51590484,-7.15624542,-39.94090218
3.42,342,0.039,-0.256,-0.199,13.521808800000002,138.0255822,26.4706596,90.46433862,-7.46564274,-38.56580298
3.4299999999999997,343,-0.061,-0.467,-0.23,7.0473834,126.7383096,33.8618178,90.34974702,-7.84379502,-37.30529538
3.44,344,-0.093,-0.831,-0.242,1.8907613999999997,122.6703078,43.7166954,90.15494129999999,-8.31362058,-36.07916526
3.4499999999999997,345,0.0,-1.453,-0.433,-14.5531332,136.4785956,61.9940556,89.78824818,-8.9667927,-34.7212548
3.46,346,0.005,-2.233,-0.804,-61.4210976,132.41059380000002,84.1675302,88.92881118,-9.83195928,-33.39199224
3.4699999999999998,347,0.014,-2.283,-0.768,-69.4425096,140.08823099999998,85.9437,87.95478258,-10.69139628,-31.9710564
3.48,348,0.214,-1.982,-0.3720000000000001,-21.027558600000006,136.364004,79.06820400000002,87.45630911999999,-11.45916,-30.567309299999998
3.4899999999999998,349,0.328,-2.2,-0.452,-16.1001198,128.1134088,71.33327100000002,87.0036723,-12.135250439999998,-29.24377632
3.5,350,0.294,-2.02,-0.532,-14.4385416,136.7650746,61.4210976,86.53384674,-12.70820844,-27.82857006
3.51,351,0.213,-1.766,-0.398,9.740286,140.8330764,48.4722468,86.28747480000001,-13.13792694,-26.37325674
3.52,352,0.036000000000000004,-1.848,-0.298,19.767051,141.5779218,27.6165756,86.13850572,-13.361380559999995,-24.91221384
3.53,353,-0.257,-1.822,-0.231,21.829699800000004,145.817811,5.1566220000000005,85.99526621999998,-13.3499214,-23.42825262
3.54,354,-0.535,-1.833,-0.213,22.2307704,158.995845,1.3750992,85.82910840000002,-13.2926256,-21.81251106
3.55,355,-0.643,-1.903,-0.153,29.5646328,183.8049264,8.193299399999999,85.66868016,-13.28689602,-19.93320882
3.56,356,-0.5820000000000001,-1.932,0.006999999999999999,39.3622146,209.9318112,16.272007199999994,85.54835898,-13.34419182,-17.7903459
3.57,357,-0.466,-1.923,0.191,56.3217714,229.9853412,21.199446,85.54262940000002,-13.4358651,-15.42975894
3.58,358,-0.371,-1.964,0.403,32.544014399999995,241.55909280000003,20.2254174,85.26760956,-13.51034964,-12.96030996
3.59,359,-0.253,-1.76,0.363,9.969469199999999,250.4972376,22.7464326,84.74048819999999,-13.584834179999998,-10.3991877
3.5999999999999996,360,-0.106,-1.5719999999999998,0.359,9.1100322,258.117579,24.1215318,84.17898936,-13.64785956,-7.75212174
3.61,361,0.026,-1.317,0.311,15.126091199999998,263.6179758,24.694489800000003,83.65759758,-13.68223704,-5.05348956
3.6199999999999997,362,0.08199999999999999,-1.134,0.242,34.5493674,266.8838364,22.1161788,83.32528194,-13.67077788,-2.3204799
3.63,363,0.117,-1.006,0.209,50.420304,261.44073540000005,17.18874,83.17058328,-13.6077525,0.34950438
3.6399999999999997,364,0.184,-0.873,0.192,59.014674,249.6378006,12.1467096,83.15339454,-13.47024258,2.8934379
3.65,365,0.233,-0.7659999999999999,0.185,66.9214944,233.53768080000003,6.9327918,83.25079740000002,-13.32700308,5.2712136
3.6599999999999997,366,0.258,-0.6859999999999999,0.16,69.9581718,217.9532232,1.432395,83.42841438,-13.14365652,7.4885610599999985
3.67,367,0.305,-0.66,0.157,69.9581718,206.837838,-0.6302538000000001,83.63467926,-12.95458038,9.58558734
3.6799999999999997,368,0.358,-0.619,0.123,67.7236356,196.524594,2.291832,83.85240329999998,-12.81707046,11.579481179999998
3.69,369,0.411,-0.52,0.078,66.5777196,183.5757432,6.760904399999999,84.09877524000002,-12.696749280000002,13.45305384
3.6999999999999997,370,0.456,-0.368,0.022,60.6189564,165.6994536,10.6570188,84.31649927999999,-12.67956054,15.14327994
3.71,371,0.461,-0.215,0.03,51.56622,152.92249019999997,12.891555,84.47692752,-12.696749280000002,16.707455279999998
3.7199999999999998,372,0.434,-0.061,0.024,42.5707794,142.8384294,14.381245800000002,84.56860079999998,-12.73685634,18.16849818
3.73,373,0.38,0.067,0.012,39.47680620000001,133.8429888,16.4438946,84.64881491999998,-12.81134088,19.54359738
3.7399999999999998,374,0.292,0.17,0.033,41.8832298,126.45183059999998,20.2827132,84.7691361,-12.903014159999998,20.84421204
3.75,375,0.196,0.225,0.057,45.4355694,123.8735196,24.7517856,84.92956434,-13.069171980000002,22.12763796
3.76,376,0.106,0.236,0.069,45.6647526,126.05076000000001,28.361421000000004,85.07853342,-13.275436860000005,23.4339822
3.77,377,0.032,0.199,0.08,41.0810886,129.7176912,29.621928600000004,85.16447712,-13.487431320000002,24.7804335
3.78,378,-0.02,0.103,-0.002,29.9084076,132.926256,27.444688199999998,85.13009964,-13.68223704,26.1555327
3.79,379,-0.062,0.008,-0.047,22.91832,131.207382,24.8090814,85.00977845999998,-13.871313179999998,27.51344316
3.8,380,-0.07200000000000001,-0.114,-0.034,17.475219,127.196676,23.14750320000001,84.8550798,-14.020282259999998,28.83124656
3.81,381,-0.044,-0.289,-0.107,6.1879464,125.0767314,21.6578124,84.58578954,-14.15779218,30.12040206
3.82,382,-0.001,-0.469,-0.145,-4.9847345999999995,124.2745902,20.6837838,84.20190768,-14.272383780000002,31.40382798
3.83,383,0.084,-0.8109999999999999,-0.28,-19.1367972,126.45183059999998,17.9908812,83.66905674,-14.35832748,32.71017222
3.84,384,0.092,-1.626,-0.616,-50.993262,125.8215768,9.6256944,82.81534932000002,-14.34113874,33.99359814
3.8499999999999996,385,0.004,-2.931,-0.92,-84.51130500000002,133.3273266,-5.958763200000001,81.61213752,-14.152062600000002,35.32859028
3.86,386,-0.262,-2.717,0.015,-11.45916,144.50000759999998,-25.0382646,81.1308528,-13.72807368,36.74952612
3.8699999999999997,387,-0.35600000000000004,-2.567,0.152,-34.262888399999994,138.82772340000002,-27.043617600000005,80.44903278000002,-13.28689602,38.10170700000001
3.88,388,-0.287,-1.952,-0.295,-33.6899304,139.5725688,-24.2934192,79.77867192,-12.85144794,39.45961746
3.8899999999999997,389,-0.158,-1.61,-0.2,0.286479,143.7551622,-18.5065434,79.45781544,-12.44464776,40.86336456
3.9,390,0.077,-1.855,-0.174,3.3231564,143.2395,-13.9228794,79.17706602000001,-12.08368422,42.26711166
3.9099999999999997,391,0.202,-2.102,-0.22,-14.266654199999998,143.525979,-6.2452422,78.71869962000002,-11.791475639999998,43.688047499999996
3.92,392,0.208,-2.116,-0.14,-22.8037284,142.43735880000003,1.3750992,78.1801191,-11.56802202,45.10325376
3.9299999999999997,393,0.182,-2.079,-0.015,-14.32395,134.4732426,7.8495246,77.74467102000001,-11.4018642,46.44970506
3.94,394,0.16399999999999998,-2.144,0.07,-3.4377480000000005,123.0140826,9.3965112,77.45819202,-11.26435428,47.68729434
3.9499999999999997,395,0.155,-2.155,0.106,-3.380452200000001,119.8628136,10.9434978,77.17171302,-11.13830352,48.9019653
3.96,396,0.193,-2.079,0.083,-4.010706000000001,116.0812908,14.667724800000002,76.89096359999998,-11.0580894,50.0765292
3.9699999999999998,397,0.219,-1.897,0.002,-2.291832,109.89334440000002,18.334656,76.6331325,-11.01798234,51.20525646
3.98,398,0.202,-1.6669999999999998,-0.095,1.2032118,101.2989744,21.4286292,76.4325972,-11.01798234,52.2537696
3.9899999999999998,399,0.173,-1.413,-0.187,11.3445684,97.8039306,24.1215318,76.34665349999999,-11.02371192,53.27363484
4.0,400,0.11,-1.193,-0.227,27.6165756,100.26765,24.8090814,76.40967888,-11.05235982,54.32214798
4.01,401,0.021,-1.023,-0.214,45.550161,105.5961594,24.1788276,76.65032124000003,-11.06954856,55.42222733999999
4.02,402,-0.069,-0.903,-0.17800000000000002,60.905435399999995,110.6381898,23.5485738,77.0342031,-11.06954856,56.57387292000001
4.03,403,-0.152,-0.8059999999999999,-0.113,71.21867940000001,114.70619159999998,22.5745452,77.50975824000002,-11.06381898,57.76562556
4.04,404,-0.223,-0.711,-0.031,75.45856859999998,117.28450259999998,21.027558600000006,78.04260918,-11.05235982,58.97456694
4.05,405,-0.29,-0.628,0.039,73.10944079999999,117.6855732,18.5638392,78.53535306,-11.02371192,60.1892379
4.06,406,-0.276,-0.5489999999999999,0.025,66.749607,117.742869,15.3552744,78.96507156,-10.9721457,61.3924497
4.07,407,-0.213,-0.498,0.013,62.5097178,116.2531782,7.9641161999999985,79.36041258,-10.8575541,62.57274318
4.08,408,-0.079,-0.43,-0.033,58.9573782,111.2684436,-2.6356068,79.73856486,-10.6570188,63.678552120000006
4.09,409,0.063,-0.369,0.002,59.30115299999999,103.0751442,-17.3606274,80.15109462000002,-10.313244000000001,64.68122862
4.1,410,0.183,-0.261,-0.001,53.0559108,100.1530584,-25.496631,80.50632858,-9.91790298,65.63806847999999
4.109999999999999,411,0.264,-0.222,0.003,44.1750618,101.5854534,-28.8770832,80.77561884,-9.49391406,66.6063675
4.12,412,0.285,-0.118,-0.013,28.0176462,103.418919,-24.350715,80.88448086000002,-9.11576178,67.59758484
4.13,413,0.238,-0.043,-0.058,17.761698000000006,108.28906200000002,-16.272007199999994,80.89021044,-8.81782362,68.64609798000001
4.14,414,0.151,-0.021,-0.083,15.4125702,114.8207832,-8.078707799999998,80.83864422,-8.565722099999999,69.77482524000001
4.1499999999999995,415,0.033,-0.015,-0.081,15.2406828,121.4098002,-1.7188740000000002,80.80426674,-8.38810512,70.97803704
4.16,416,-0.096,0.0,-0.07200000000000001,13.6364004,127.7123382,2.4637194,80.74124136,-8.24486562,72.25000379999999
4.17,417,-0.2,0.0,-0.032,12.6623718,136.02022920000002,4.3544808,80.66102724,-8.107355700000001,73.60218468000002
4.18,418,-0.243,-0.047,0.002,8.3651868,146.84913540000005,5.72958,80.51778774,-7.9641161999999985,75.06322758
4.1899999999999995,419,-0.251,-0.156,-0.005,-1.5469866,148.3388262,7.7349330000000025,80.28287496,-7.860983760000001,76.54145922000002
4.2,420,-0.215,-0.311,-0.006,-15.2406828,143.0103168,10.886202,79.91618184000002,-7.763580899999999,77.97385421999998
4.21,421,-0.19,-0.5820000000000001,-0.135,-29.4500412,131.09279039999998,17.246035799999998,79.42343796,-7.74066258,79.29165762
4.22,422,-0.175,-1.06,-0.314,-46.5814854,114.9926706,28.6479,78.77599542,-7.838065440000001,80.47768067999998
4.2299999999999995,423,-0.056,-1.835,-0.594,-74.9429064,96.7726062,47.6128098,77.85926262000002,-8.14173318,81.51473466
4.24,424,0.172,-2.227,-0.564,-81.4173318,93.0483792,63.59833800000001,76.86804528,-8.58864042,82.55751822
4.25,425,0.541,-1.972,-0.192,-29.220858000000003,109.2630906,56.2071798,76.37530140000001,-8.91522648,83.75500044
4.26,426,0.619,-1.834,-0.153,-7.333862400000001,107.5442166,45.550161,76.10601113999998,-9.12722094,84.91237559999998
4.27,427,0.42,-1.5930000000000002,-0.201,-5.5576926,96.4288314,34.950438,75.87109836,-9.26473086,85.9437
4.28,428,0.171,-1.536,-0.128,-5.2712136,80.21412,19.938938399999998,75.67056306,-9.2819196,86.7744891
4.29,429,0.085,-1.683,-0.145,-12.261301199999998,65.030733,-0.9740286,75.44137986,-9.12149136,87.4047429
4.3,430,0.078,-1.904,-0.139,-20.1108258,61.7075766,-21.485925,75.14344170000003,-8.77771656,87.94905299999998
4.31,431,0.034,-2.018,-0.111,-22.6891368,66.2912406,-37.9871154,74.82258522,-8.26778394,88.4933631
4.32,432,-0.01,-2.044,-0.111,-21.4286292,73.10944079999999,-45.1490904,74.5131879,-7.66044846,89.08350984
4.33,433,-0.037000000000000005,-2.05,-0.07200000000000001,-12.9488508,76.60448459999998,-44.2896534,74.28973427999998,-7.05884256,89.70230448
4.34,434,-0.024,-1.935,0.029,-1.9480572,78.4379502,-37.4714532,74.19233141999999,-6.5030733,90.36120618
4.35,435,-0.004,-1.812,0.085,2.5210152000000003,81.9902898,-28.1895336,74.12930604,-6.0332477399999975,91.0716741
4.36,436,-0.009000000000000001,-1.7009999999999998,0.131,1.4896908000000002,87.8917572,-20.798375399999998,74.04909192,-5.62071798,91.86235614
4.37,437,-0.015,-1.599,0.132,-3.724227,94.70995740000001,-15.985528200000001,73.91731158,-5.23683612,92.73325229999999
4.38,438,-0.006,-1.452,0.118,3.2658606,102.6740736,-11.688343199999998,73.8542862,-4.8701430000000006,93.68436258
4.39,439,0.013,-1.318,0.124,12.7196676,109.9506402,-7.9641161999999985,73.91731158,-4.50917946,94.71568698
4.3999999999999995,440,0.038,-1.164,0.13699999999999998,18.3919518,113.5029798,-3.724227,74.00898486,-4.1883229800000015,95.7985776
4.41,441,0.045,-0.994,0.124,20.3973048,111.2111478,2.0053530000000004,74.12357646,-3.93622146,96.87573864
4.42,442,0.066,-0.833,0.036000000000000004,22.1161788,100.3249458,6.3598338,74.26681596,-3.752874900000001,97.85549682
4.43,443,0.122,-0.672,-0.076,26.5279554,85.1415588,9.740286,74.47308084,-3.6382833,98.70347466
4.4399999999999995,444,0.192,-0.5,-0.069,34.4347758,70.87490460000002,11.9748222,74.77674858,-3.54661002,99.41967216
4.45,445,0.277,-0.366,0.005,36.669312,60.9627312,12.1467096,75.10333464,-3.5236917,100.0384668
4.46,446,0.368,-0.265,0.024,33.1742682,57.4103916,11.4018642,75.39554322000002,-3.50077338,100.62288396
4.47,447,0.424,-0.172,-0.013,28.2468294,57.6968706,10.1986524,75.63618558,-3.4663959,101.20730112
4.4799999999999995,448,0.405,-0.083,-0.049,23.8923486,56.4936588,9.9121734,75.84245046,-3.4377480000000005,101.78025912
4.49,449,0.327,-0.002,-0.059,19.7097552,50.0192334,11.229976800000001,75.99141954000002,-3.39764094,102.29592132
4.5,450,0.197,0.094,-0.052000000000000005,15.527161800000002,38.90384820000001,14.667724800000002,76.11747030000002,-3.45493674,102.70845108
4.51,451,0.075,0.174,-0.012,12.605076,28.0176462,18.048177,76.22633232000003,-3.56952834,103.02357798
4.52,452,-0.021,0.231,0.031,10.886202,18.907614000000002,20.1108258,76.31800559999998,-3.724227,103.25276118
4.53,453,-0.07,0.262,0.067,9.224623800000002,12.261301199999998,20.9702628,76.39821972,-3.896114400000001,103.42464857999998
4.54,454,-0.073,0.259,0.087,6.6463128000000005,8.021412000000002,19.595163600000006,76.46124510000001,-4.08519054,103.54496976
4.55,455,-0.029,0.191,0.001,2.6929026,6.5317212,14.7250206,76.47843384000002,-4.211241299999998,103.64237262
4.56,456,0.005,0.08800000000000001,-0.155,-0.9167328,5.443101,8.5370742,76.46697467999998,-4.28572584,103.71685716
4.57,457,0.02,-0.051,-0.25,-0.572958,4.7555514,1.5469866,76.45551551999998,-4.29145542,103.76842338000002
4.58,458,0.059,-0.337,-0.444,1.7761698,13.0061466,-8.193299399999999,76.46124510000001,-4.1825934,103.8772854
4.59,459,0.058,-0.743,-0.596,-5.5576926,24.5226024,-17.246035799999998,76.30654644,-3.93622146,104.0778207
4.6,460,-0.018000000000000002,-1.4980000000000002,-0.846,-30.65325300000001,42.05511720000001,-28.6479,75.96850122000002,-3.57525792,104.41586592000002
4.61,461,-0.282,-2.681,-1.156,-73.338624,61.6502808,-43.7166954,75.18354876,-3.03094782,104.89715064
4.62,462,-0.448,-2.447,-0.254,-16.157415599999997,47.4982182,-42.34159620000001,74.99447262,-2.51528562,105.24092544
4.63,463,-0.519,-2.087,0.031,-20.8556712,37.6433406,-27.501984000000004,74.76528942,-2.1657812400000003,105.53313402
4.64,464,-0.334,-1.518,-0.14,-43.20103320000001,32.4294228,-13.9228794,74.33557092,-1.9767051,105.80815386
4.6499999999999995,465,-0.08199999999999999,-1.399,0.006,-15.4125702,27.3873924,-1.3178034,74.16368352,-1.89649098,106.06598496
4.66,466,0.247,-1.779,0.052000000000000005,6.9327918,26.2414764,-0.572958,74.2267089,-1.82773602,106.31235690000001
4.67,467,0.518,-2.19,-0.058,11.0007936,34.3201842,-7.9641161999999985,74.32411176,-1.6673077799999998,106.62175422
4.68,468,0.642,-2.278,-0.125,-3.7815227999999994,33.002380800000005,-12.032117999999999,74.27254554,-1.47250206,106.90823322
4.6899999999999995,469,0.584,-2.045,-0.104,-15.0687954,15.0687954,-9.0527364,74.11784688,-1.3464512999999998,107.0285544
4.7,470,0.454,-2.046,-0.071,-17.761698000000006,-4.2398892,-2.6356068,73.94022989999998,-1.32926256,106.97698818
4.71,471,0.316,-2.167,-0.041,-19.8243468,-15.3552744,2.6929026,73.74542418,-1.39801752,106.83374868
4.72,472,0.217,-2.1590000000000003,-0.042,-29.4500412,-24.8090814,10.5424272,73.4532156,-1.56417534,106.6274838
4.7299999999999995,473,0.115,-1.99,-0.011,-34.950438,-36.8411994,17.18874,73.11517038,-1.82773602,106.31808648
4.74,474,0.063,-1.765,0.025,-34.60666320000001,-49.388979600000006,20.05353,72.79431389999998,-2.1485925000000003,105.89982714
4.75,475,0.012,-1.606,-0.005,-31.3980984,-57.1239126,21.6005166,72.50210532,-2.50955604,105.41854242
4.76,476,-0.031,-1.388,-0.055,-27.5592798,-63.4264506,20.2254174,72.25573338000002,-2.88197874,104.87423232
4.77,477,-0.08800000000000001,-1.182,-0.161,-17.589810600000003,-68.46848100000001,16.902261,72.11822346,-3.2314831199999987,104.27262642
4.78,478,-0.126,-0.997,-0.242,2.1772404,-72.07811640000001,11.0580894,72.192708,-3.5351508600000003,103.6194543
4.79,479,-0.14800000000000002,-0.823,-0.282,25.0955604,-71.9635248,4.6982556,72.49064616,-3.78725238,102.95482302
4.8,480,-0.114,-0.664,-0.232,45.4928652,-66.749607,-2.0053530000000004,73.00057878,-3.94195104,102.31311006
4.81,481,-0.092,-0.526,-0.173,57.4103916,-55.80610920000001,-8.021412000000002,73.63083258,-4.00497642,101.76307038
4.82,482,-0.126,-0.373,-0.121,58.38442020000001,-43.6021038,-11.516455800000001,74.26108638000002,-3.99351726,101.31616314
4.83,483,-0.202,-0.217,-0.102,52.6548402,-35.6379876,-13.407217200000002,74.82831479999999,-3.94768062,100.94374043999998
4.84,484,-0.272,-0.1,-0.128,44.690724,-29.392745399999995,-14.667724800000002,75.2866812,-3.91330314,100.62861354
4.85,485,-0.305,-0.016,-0.141,38.961144,-22.6891368,-16.1001198,75.70494054,-3.79871154,100.37651202
4.86,486,-0.287,0.055,-0.16699999999999998,32.0283522,-10.5424272,-17.6471064,76.03725618000001,-3.64974246,100.23327252
4.87,487,-0.234,0.115,-0.174,26.9863218,6.016058999999999,-18.7357266,76.31227602,-3.45493674,100.25046126
4.88,488,-0.14800000000000002,0.199,-0.135,25.496631,24.2361234,-19.6524594,76.55291838000002,-3.2085648000000004,100.4395374
4.89,489,-0.09,0.262,-0.07200000000000001,26.69984280000001,43.77399120000001,-20.2827132,76.78210157999997,-2.93927454,100.82341926
4.8999999999999995,490,-0.052000000000000005,0.305,0.009000000000000001,30.366774000000003,61.07732280000001,-17.9335854,77.05712142,-2.6413363800000003,101.37918852
4.91,491,-0.059,0.319,0.091,34.8358464,75.2866812,-12.891555,77.37224832,-2.36631654,102.08392686
4.92,492,-0.068,0.229,0.115,32.486718599999996,88.2928278,-7.333862400000001,77.65299774,-2.12567418,102.9319047
4.93,493,-0.097,0.086,-0.034,20.9702628,93.0483792,0.8021411999999999,77.82488514,-1.96524594,103.83717834
4.9399999999999995,494,-0.118,-0.096,-0.217,7.7922288,84.797784,9.797581800000001,77.82488514,-1.9194093000000003,104.68515618
4.95,495,-0.126,-0.369,-0.392,2.6356068,74.42724419999998,20.8556712,77.81915556,-1.98816426,105.4529199
4.96,496,-0.08900000000000001,-1.039,-0.6779999999999999,-8.7662574,57.86875799999999,39.47680620000001,77.69883438,-2.26891368,106.10036244
4.97,497,0.161,-2.539,-1.187,-70.9894962,20.7410796,83.19350159999998,76.95971856,-3.04240698,106.47278514
4.9799999999999995,498,0.5329999999999999,-3.0210000000000004,-0.672,-64.62966239999999,29.9657034,117.34179840000002,76.26643938,-4.11956802,107.02282481999998
4.99,499,0.911,-2.244,0.006999999999999999,-43.0291458,39.0184398,89.954406,75.78515466,-4.90452048,107.61297156
5.0,500,0.508,-1.733,-0.258,-52.0818822,23.5485738,71.1040878,75.21792624,-5.540503859999999,108.01404216
5.01,501,-0.08199999999999999,-1.116,-0.327,-17.18874,15.9282324,43.3156248,75.01166136,-5.92438572,108.27187325999998
5.02,502,-0.405,-0.982,-0.25,5.72958,11.745639,16.959556799999998,75.05176842,-6.05616606,108.4323015
5.03,503,-0.428,-1.425,-0.239,8.136003599999999,8.9381448,-4.4690724,75.12625296,-5.9931406800000016,108.50678604
5.04,504,-0.396,-1.798,-0.223,1.6615782,16.1001198,-15.756345000000001,75.13771212,-5.80979412,108.62710722
5.05,505,-0.378,-1.95,-0.107,-2.0626488000000003,34.37748,-17.9335854,75.08041632,-5.5576926,108.91358622
5.06,506,-0.386,-1.905,-0.115,-7.7922288,52.48295279999999,-11.229976800000001,74.94863597999998,-5.3285094000000015,109.38914135999998
5.07,507,-0.34600000000000003,-1.929,-0.069,-0.8594370000000001,64.9161414,-2.1772404,74.87415144,-5.16235158,110.00793600000002
5.08,508,-0.273,-1.953,0.017,1.7188740000000002,72.88025760000002,6.0733548,74.81685564,-5.04775998,110.72986308
5.09,509,-0.185,-1.913,0.1,3.151269,80.1568242,10.4278356,74.78247816,-4.96181628,111.5262747
5.1,510,-0.111,-1.815,0.16,-2.3491278,86.7458412,9.740286,74.67361614000002,-4.85295426,112.39144128
5.11,511,-0.046,-1.651,0.14400000000000002,-11.3445684,92.3608296,5.958763200000001,74.46735126,-4.69252602,113.29671492
5.12,512,0.014,-1.453,0.114,-14.610429000000002,97.2882684,0.2291832000000001,74.23243848,-4.46334282,114.23063646
5.13,513,0.048,-1.229,0.063,-11.9748222,103.3043274,-6.2452422,74.02044402,-4.1539455,115.20466506
5.14,514,0.061,-0.973,-0.04,6.760904399999999,109.148499,-11.745639,74.02617359999998,-3.752874900000001,116.21880072
5.1499999999999995,515,0.07200000000000001,-0.8109999999999999,-0.121,39.877876799999996,110.00793600000002,-15.5844576,74.35275966,-3.33461556,117.23866596
5.16,516,0.055,-0.754,-0.142,67.3798608,100.0957626,-16.157415599999997,74.97155430000002,-2.93927454,118.16112834
5.17,517,0.048,-0.6809999999999999,-0.136,72.07811640000001,79.354683,-15.870936600000002,75.6591039,-2.59549974,118.89451458
5.18,518,0.105,-0.611,-0.059,62.051351399999994,56.2644756,-11.516455800000001,76.25498022,-2.36058696,119.41590635999998
5.1899999999999995,519,0.2,-0.484,-0.011,44.919907200000004,39.877876799999996,-4.6409598,76.70188746,-2.18869956,119.79405864
5.2,520,0.314,-0.348,-0.07,39.7059894,28.2468294,5.042030400000002,77.0914989,-2.1772404,120.08053764
5.21,521,0.405,-0.23,-0.078,47.7846972,19.7097552,15.527161800000002,77.56132446000002,-2.28610242,120.31545042
5.22,522,0.421,-0.08900000000000001,-0.079,48.987909,10.4851314,20.168121600000006,78.05406833999999,-2.45798982,120.45868992
5.2299999999999995,523,0.389,0.07200000000000001,-0.08800000000000001,40.10706,-0.3437748,18.907614000000002,78.46086852,-2.6413363800000003,120.49879698
5.24,524,0.29,0.234,-0.09,29.335449600000004,-12.032117999999999,15.183387000000002,78.74161794,-2.76738714,120.41285328
5.25,525,0.16899999999999998,0.333,-0.064,22.2880662,-22.2880662,11.516455800000001,78.97653072,-2.91635622,120.21804756
5.26,526,0.049,0.354,-0.053,19.1367972,-29.8511118,8.5370742,79.19425475999998,-3.04813656,119.94875729999998
5.27,527,-0.034,0.349,0.034,15.183387000000002,-35.46610020000001,6.760904399999999,79.37187173999997,-3.16845774,119.61644166
5.28,528,-0.079,0.262,0.057,8.59437,-43.65939960000001,4.7555514,79.48646334,-3.27731976,119.19818232
5.29,529,-0.043,0.152,-0.025,2.9793816000000004,-46.29500640000001,1.2032118,79.52084082,-3.3689930400000003,118.7455455
5.3,530,0.048,-0.025,-0.161,1.0886202,-43.544808,-4.4690724,79.56667746000002,-3.3919113599999995,118.31009742
5.31,531,0.165,-0.294,-0.355,2.1199446,-36.669312,-15.2979786,79.6125141,-3.2945085,117.92621556000002
5.32,532,0.212,-0.745,-0.573,1.9480572,-24.1215318,-34.60666320000001,79.65262116,-2.99084076,117.6282774
5.33,533,0.05,-1.729,-0.987,-16.1001198,-0.9740286,-68.1247062,79.4979225,-2.33193906,117.49649706
5.34,534,-0.197,-3.35,-1.406,-64.17129600000001,5.9014674000000005,-104.851314,78.84475038,-1.30634424,117.35325756
5.35,535,-0.534,-2.952,0.04,9.2819196,-14.667724800000002,-103.0751442,78.94788281999998,-0.32085648,117.02094192
5.36,536,-0.594,-2.285,-0.086,-44.690724,-13.0061466,-85.42803780000001,78.48951642,0.47555514,116.72300376
5.37,537,-0.414,-1.529,-0.328,-39.3049188,-29.4500412,-48.414951,78.08844581999998,0.89381448,116.33912190000001
5.38,538,-0.02,-1.393,-0.158,8.651665800000002,-28.074942,-31.2835068,78.17438952,1.1459160000000002,116.00107667999998
5.39,539,0.439,-1.767,-0.158,15.0687954,-14.4385416,-23.032911600000002,78.32908818,1.3579104599999998,115.81773012
5.3999999999999995,540,0.748,-1.913,-0.118,9.8548776,-12.605076,-15.6990492,78.42649104,1.4896908000000002,115.66303146
5.41,541,0.83,-1.961,-0.044,2.4637194,-23.835052800000003,-6.8182002000000015,78.44940936,1.5183387000000002,115.41665951999998
5.42,542,0.6990000000000001,-1.957,0.019,-11.0007936,-38.67466500000001,1.9480572,78.33481775999998,1.432395,115.04423682
5.43,543,0.472,-2.009,0.125,-6.8182002000000015,-53.571573,7.2765666,78.26033322,1.26623718,114.5343042
5.4399999999999995,544,0.261,-2.069,0.171,-13.349921400000001,-69.0987348,8.193299399999999,78.12282330000002,1.06570188,113.87540249999999
5.45,545,0.151,-1.978,0.125,-29.220858000000003,-87.1469118,6.016058999999999,77.82488514,0.8479778399999999,113.03888382
5.46,546,0.019,-1.8,0.119,-37.7006364,-97.40286,4.4690724,77.44673286,0.61879464,112.09923270000002
5.47,547,-0.108,-1.6130000000000002,0.039,-38.1590028,-103.1897358,5.443101,77.062851,0.36669312,111.10801536
5.4799999999999995,548,-0.192,-1.413,-0.018000000000000002,-25.78311,-104.0491728,11.1153852,76.81074948,0.05156622,110.12252759999998
5.49,549,-0.241,-1.195,-0.094,-11.45916,-98.1477054,20.7410796,76.7190762,-0.36669312,109.21725396000002
5.5,550,-0.241,-0.981,-0.17600000000000002,8.021412000000002,-88.17823620000001,31.971056400000002,76.82220864,-0.8537074199999999,108.43803108
5.51,551,-0.243,-0.7959999999999999,-0.203,28.8770832,-78.2660628,40.90920120000001,77.14306512,-1.39801752,107.77339979999999
5.52,552,-0.215,-0.613,-0.188,46.982556,-69.4425096,45.779344200000004,77.64153858,-1.97097552,107.2004418
5.53,553,-0.155,-0.469,-0.15,63.02538000000001,-59.0719698,44.1750618,78.31189943999998,-2.49809688,106.71915708000002
5.54,554,-0.11,-0.332,-0.118,69.8435802,-51.2224452,35.809875,79.0395561,-2.93927454,106.30089774
5.55,555,-0.099,-0.208,-0.113,71.5624542,-44.977203,23.6631654,79.79013108000002,-3.2314831199999987,105.90555672
5.56,556,-0.134,-0.1,-0.109,68.58307260000001,-40.2789474,9.6256944,80.51778774,-3.380452200000001,105.5388636
5.57,557,-0.162,-0.001,-0.099,60.905435399999995,-35.9817624,-3.724227,81.1595007,-3.380452200000001,105.18362964
5.58,558,-0.17600000000000002,0.08900000000000001,-0.08,52.712136,-31.913760600000003,-13.521808800000002,81.71526996,-3.28304934,104.85704357999998
5.59,559,-0.155,0.166,-0.058,45.0344988,-27.903054600000004,-18.5065434,82.17936594,-3.151269,104.55910542
5.6,560,-0.08800000000000001,0.21600000000000005,-0.068,38.5027776,-20.1108258,-19.4232762,82.58616612,-2.9793816000000004,104.34138138
5.61,561,0.022,0.235,-0.086,32.486718599999996,-1.6042823999999998,-19.0222056,82.91848175999998,-2.79030546,104.3070039
5.62,562,0.08800000000000001,0.233,-0.078,26.814434400000003,14.9542038,-18.621135,83.18204244,-2.58977016,104.43305466
5.63,563,0.092,0.191,-0.05,19.8243468,29.7365202,-15.6417534,83.36538900000002,-2.4064236,104.71380408
5.64,564,0.057,0.097,-0.061,10.9434978,39.6486936,-8.8235532,83.42841438,-2.2746432600000004,105.09195636
5.6499999999999995,565,-0.035,-0.008,-0.141,-0.4583664000000001,40.04976420000001,2.0626488000000003,83.39976648,-2.2631841,105.49302696
5.66,566,-0.153,-0.139,-0.187,-6.6463128000000005,25.6112226,16.042824000000003,83.31955236,-2.40069402,105.76231722
5.67,567,-0.188,-0.381,-0.217,-15.6417534,19.0222056,28.991674800000002,83.14766496,-2.6699842800000004,105.98004126
5.68,568,-0.174,-0.865,-0.561,-32.830493399999995,27.444688199999998,40.737313799999995,82.79816058,-3.04813656,106.29516816
5.6899999999999995,569,-0.18600000000000005,-1.807,-0.984,-79.5838662,42.4561878,54.08723520000001,81.95018274,-3.54661002,106.77645288
5.7,570,-0.07200000000000001,-3.415,-1.597,-142.5519504,33.8618178,65.030733,80.47768067999998,-4.15967508,107.19471222
5.71,571,0.382,-2.514,-0.19,-27.501984000000004,18.7930224,57.467687399999996,80.17401294,-4.6982555999999995,107.46973206
5.72,572,0.561,-2.373,0.091,-23.777757,16.959556799999998,41.7113424,79.91045226,-5.08213746,107.70464484
5.7299999999999995,573,0.3670000000000001,-1.689,-0.274,-25.1528562,22.86102420000001,35.4088044,79.62397326,-5.397264359999999,107.99112384
5.74,574,-0.101,-1.378,-0.18600000000000005,20.9702628,26.7571386,40.8519054,79.80731982,-5.7582279000000005,108.32343948
5.75,575,-0.472,-1.747,-0.079,28.361421000000004,14.266654199999998,31.3980984,80.0708805,-6.0447069,108.52397478
5.76,576,-0.6659999999999999,-1.885,-0.053,4.8128472,7.6776372,14.266654199999998,80.11098756,-6.17075766,108.62137764
5.77,577,-0.718,-1.828,-0.03,0.2291832000000001,31.054323600000004,2.3491278,80.07661008,-6.15356892,108.93077496
5.78,578,-0.644,-1.743,-0.001,-2.0053530000000004,54.6601932,1.3178034,79.99066638000002,-6.08481396,109.47508506
5.79,579,-0.463,-1.706,0.03,0.057295800000000015,73.10944079999999,3.5523396000000003,79.91045226,-6.02178858,110.19701214
5.8,580,-0.26,-1.753,0.024,7.3911582,82.1621772,5.72958,79.89326352,-5.953033619999999,111.01634208
5.81,581,-0.166,-1.843,0.171,6.1879464,86.2874748,1.2032118,79.85888604,-5.83844202,111.86431992
5.82,582,-0.026,-1.7,0.127,-24.1215318,90.6419556,-6.703608600000001,79.50938166,-5.6436363,112.74094566
5.83,583,0.054000000000000006,-1.443,0.114,-16.4438946,93.8505204,-11.8029348,79.24582097999998,-5.38007562,113.64048972
5.84,584,0.117,-1.218,0.07,-2.6929026,93.4494498,-17.5325148,79.15414770000002,-5.03630082,114.52284504
5.85,585,0.189,-1.029,0.018000000000000002,18.162768600000003,88.8657858,-21.7151082,79.25728014,-4.68106686,115.35363413999998
5.86,586,0.191,-0.908,-0.013,33.0596766,84.05293859999998,-21.829699800000004,79.52084082,-4.3315624800000005,116.1385866
5.87,587,0.13699999999999998,-0.81,-0.034,46.1804148,80.2714158,-17.3606274,79.92191142,-4.0393539,116.90062074
5.88,588,0.104,-0.684,-0.07200000000000001,54.54560160000001,74.7137232,-10.1413566,80.41465529999998,-3.82735944,117.62254782
5.89,589,0.073,-0.541,-0.112,57.00932099999999,63.9994086,-2.2345362,80.93604708,-3.70130868,118.25280162
5.8999999999999995,590,0.069,-0.417,-0.075,60.733548000000006,51.68081160000001,6.130650599999999,81.50900508000002,-3.68984952,118.77419340000002
5.91,591,0.14300000000000002,-0.28800000000000003,0.023,55.86340500000001,45.4928652,14.32395,82.04185602,-3.77579322,119.24974854
5.92,592,0.28300000000000003,-0.126,-0.006,46.123119,43.65939960000001,18.334656,82.47157452,-3.90184398,119.70811494
5.93,593,0.413,0.017,-0.031,35.3515086,37.8725238,18.162768600000003,82.79816058,-4.0393539,120.10918554
5.9399999999999995,594,0.463,0.08199999999999999,-0.068,30.4813656,30.7678446,16.157415599999997,83.06172126,-4.0966497,120.4357716
5.95,595,0.423,0.146,-0.13699999999999998,27.444688199999998,18.7930224,15.756345000000001,83.32528194,-4.23415962,120.64203648
5.96,596,0.297,0.208,-0.14400000000000002,24.9809688,4.4690724,18.7930224,83.57165388,-4.4117766000000005,120.71079144
5.97,597,0.14400000000000002,0.265,-0.102,23.2620948,-7.3911582,23.777757,83.81229624,-4.65241896,120.66495479999999
5.9799999999999995,598,0.014,0.295,-0.07,22.2880662,-15.3552744,28.074942,84.05293859999998,-4.93889796,120.54463362
5.99,599,-0.057,0.29600000000000004,-0.032,21.9442914,-20.8556712,29.220858000000003,84.28785138,-5.25975444,120.36701664
6.0,600,-0.07,0.21600000000000005,0.0,19.4232762,-20.7410796,25.7258142,84.50557542,-5.52331512,120.18939966
6.01,601,-0.048,0.07200000000000001,-0.07200000000000001,12.5477802,-6.1879464,18.2773602,84.63735576,-5.70666168,120.14356302000002
6.02,602,0.029,-0.079,-0.165,8.9954406,13.9228794,10.3705398,84.71184029999998,-5.79833496,120.29253210000002
6.03,603,0.093,-0.34600000000000003,-0.3,8.5370742,22.459953600000002,0.2291832000000001,84.77486567999998,-5.7868758,120.51598572
6.04,604,0.14400000000000002,-0.8390000000000001,-0.488,1.0886202,32.486718599999996,-17.7044022,84.67746281999997,-5.5576926,120.83111262
6.05,605,-0.009000000000000001,-1.812,-0.867,-33.4607472,53.5142772,-48.128471999999995,84.28785138,-5.04775998,121.31239734
6.06,606,-0.258,-3.374,-1.4340000000000002,-89.3241522,71.44786260000002,-72.9948492,83.31955236,-4.27999626,121.93119198
6.07,607,-0.578,-2.884,0.085,29.4500412,38.10170700000001,-66.3485364,83.58884262000002,-3.58671708,122.23485972
6.08,608,-0.435,-2.484,-0.08199999999999999,-28.1322378,13.0634424,-50.82137460000001,83.29663404,-3.07678446,122.30934426000002
6.09,609,-0.287,-1.639,-0.309,-35.809875,11.172681,-38.0444112,82.92421134,-2.70436176,122.37236964000002
6.1,610,-0.116,-1.608,-0.135,5.0993262,12.0894138,-38.5027776,82.97004798,-2.3147503200000004,122.44685418
6.11,611,0.16399999999999998,-1.9,-0.064,13.9228794,18.3919518,-46.9252602,83.1075579,-1.8334656000000005,122.57290494000002
6.12,612,0.431,-1.954,-0.11,2.0053530000000004,23.204799,-47.3836266,83.11901706,-1.34072172,122.74479233999998
6.13,613,0.5770000000000001,-1.928,-0.058,-8.7662574,12.605076,-38.2162986,83.0216142,-0.95683986,122.82500646
6.14,614,0.631,-1.967,0.029,-15.2979786,0.8594370000000001,-27.7311672,82.87264512,-0.67609044,122.79635856
6.15,615,0.57,-1.961,0.063,-18.449247600000003,-6.9327918,-17.761698000000006,82.68356897999998,-0.5042030399999999,122.70468528
6.16,616,0.425,-1.938,0.045,-23.7204612,-16.7303736,-7.7922288,82.4486562,-0.44690724,122.52706830000002
6.17,617,0.253,-1.913,0.009000000000000001,-30.080295,-26.5852512,9.0527364,82.15071803999999,-0.56722842,122.27496678
6.18,618,0.033,-1.7919999999999998,-0.001,-29.9084076,-27.7311672,24.7517856,81.85277988,-0.8479778399999999,122.03432442
6.1899999999999995,619,-0.17800000000000002,-1.5659999999999998,-0.01,-25.3820394,-22.2880662,35.17962120000001,81.61213752,-1.2318597,121.86243702
6.2,620,-0.33,-1.308,-0.061,-14.152062599999999,-12.4331886,41.825934,81.46889802,-1.6615782,121.79941164
6.21,621,-0.404,-1.116,-0.08900000000000001,4.5263682,-1.8907613999999997,45.72204840000001,81.51473466,-2.11421502,121.84524828
6.22,622,-0.394,-0.971,-0.086,19.6524594,8.5370742,47.269034999999995,81.70954037999998,-2.56685184,121.99994694
6.2299999999999995,623,-0.327,-0.843,-0.097,29.1062664,18.621135,48.6441342,81.9902898,-3.01948866,122.25204846
6.24,624,-0.213,-0.679,-0.131,34.262888399999994,29.335449600000004,49.7327544,82.29968712,-3.48931422,122.61301199999998
6.25,625,-0.114,-0.527,-0.18600000000000005,35.8671708,41.0810886,49.388979600000006,82.63200276,-3.93049188,123.08283756
6.26,626,-0.042,-0.366,-0.211,39.0757356,47.269034999999995,48.0711762,82.98150714,-4.3544808,123.6156885
6.27,627,-0.011,-0.242,-0.103,44.8626114,53.285094,44.5761324,83.38830732,-4.74409224,124.19437607999998
6.28,628,-0.011,-0.141,-0.04,52.6548402,62.10864720000001,37.41415739999999,83.85813288,-5.05921914,124.85900736
6.29,629,-0.037000000000000005,-0.096,0.003,55.40503860000001,71.2759752,27.5592798,84.35087675999998,-5.2826727600000005,125.59812318
6.3,630,-0.097,-0.03,0.013,51.9672906,74.771019,16.558486199999994,84.79778400000002,-5.39153478,126.36015731999998
6.31,631,-0.146,0.0,0.102,49.9619376,77.46392159999998,5.7868758000000025,85.22177292,-5.40299394,127.13365062
6.32,632,-0.17800000000000002,0.037000000000000005,0.16699999999999998,44.919907200000004,82.39136040000002,-2.2345362,85.58846604,-5.33423898,127.95871014
6.33,633,-0.16699999999999998,0.04,0.124,38.961144,87.83446140000002,-7.448453999999999,85.89213378,-5.2139178,128.8296063
6.34,634,-0.138,0.035,0.038,34.60666320000001,92.4181254,-7.0473834,86.14996488,-5.13370368,129.74060952
6.35,635,-0.084,0.032,0.0,30.7678446,102.3302988,-5.5576926,86.35622975999998,-5.042030400000002,130.76047476
6.36,636,0.005,0.046,0.047,28.304125199999998,120.3784758,-6.4744254,86.52238758000001,-4.93316838,131.95222740000003
6.37,637,0.125,0.002,0.051,21.5432208,143.7551622,-6.6463128000000005,86.60260170000002,-4.81857678,133.37316324
6.38,638,0.231,-0.093,-0.127,8.5370742,160.3136484,-2.1199446,86.53384674,-4.74409224,134.96598648000003
6.39,639,0.213,-0.226,-0.324,-2.9220857999999996,155.1570264,7.6776372,86.31612270000002,-4.749821819999998,136.51297308
6.4,640,0.033,-0.415,-0.221,-7.2192707999999985,133.8429888,20.168121600000006,86.10985782,-4.898790900000002,137.84796522000002
6.41,641,0.047,-0.7240000000000001,-0.077,-14.8396122,139.515273,29.8511118,85.82337881999999,-5.13370368,139.25171232
6.42,642,0.015,-1.2990000000000002,-0.471,-33.2888598,153.26626499999998,42.8572584,85.31917578,-5.48893764,140.79869892000005
6.43,643,-0.155,-2.2030000000000003,-0.928,-73.51051140000001,154.412181,60.9627312,84.39671340000002,-6.00459984,142.37433342
6.4399999999999995,644,-0.054000000000000006,-2.742,-0.988,-86.34477059999998,161.57415600000004,71.9635248,83.31382278,-6.5947465800000025,144.04164120000004
6.45,645,0.333,-2.216,-0.338,-29.9657034,144.671895,83.4226848,82.80961973999997,-7.288025760000001,145.57143906
6.46,646,0.625,-2.173,-0.217,-29.9084076,134.87431320000002,71.39056679999999,82.29968712,-7.85525418,146.99810448
6.47,647,0.449,-1.739,-0.254,-5.6149884000000005,152.92249019999997,61.020027,81.99601937999998,-8.29070226,148.5966573
6.4799999999999995,648,-0.149,-1.751,-0.152,26.8717302,159.9698736,55.1758554,82.00174896,-8.65739538,150.26396508
6.49,649,-0.5670000000000001,-1.884,-0.274,18.2773602,158.36559119999995,46.409598,81.91580526,-8.9381448,151.90835454
6.5,650,-0.7040000000000001,-1.863,-0.238,13.464512999999998,163.29303000000004,38.61736920000001,81.76683618000001,-9.13295052,153.58712148
6.51,651,-0.69,-1.838,-0.166,8.651665800000002,178.8201918,34.7212548,81.53765297999998,-9.26473086,155.41485749999995
6.52,652,-0.525,-1.854,-0.05,7.7349330000000025,200.9936664,37.8725238,81.25690356,-9.396511199999999,157.47177672
6.53,653,-0.344,-1.917,0.086,9.6256944,218.12511060000003,43.0864416,80.95896540000003,-9.54548028,159.70631292
6.54,654,-0.177,-1.964,0.154,6.6463128000000005,227.464326,47.269034999999995,80.61519059999998,-9.70590852,162.03825197999996
6.55,655,-0.07,-1.859,0.158,-0.8594370000000001,232.04799,49.6754586,80.16828336,-9.87206634,164.42748684
6.56,656,0.013,-1.64,0.142,-3.2658606,235.65762540000003,50.133825,79.68699864,-10.02103542,166.85109917999995
6.57,657,0.053,-1.443,0.154,1.2605076000000002,237.9494574,46.5814854,79.24009140000003,-10.10697912,169.29762983999996
6.58,658,0.092,-1.266,0.147,11.917526400000002,234.9700758,40.33624320000001,78.90777576,-10.12416786,171.70405344
6.59,659,0.14300000000000002,-1.158,0.14300000000000002,25.4393352,226.43300159999998,32.544014399999995,78.74734751999998,-10.04395374,174.0073446
6.6,660,0.17600000000000002,-1.074,0.103,33.4607472,211.5360936,25.9549974,78.69005172,-9.94655088,176.15020752
6.61,661,0.198,-0.951,0.057,38.61736920000001,189.7636896,18.7930224,78.7244292,-9.80904096,178.06961682000005
6.62,662,0.225,-0.8370000000000001,0.094,45.1490904,169.25179319999995,10.6570188,78.87339828,-9.6256944,179.77130208
6.63,663,0.211,-0.7609999999999999,0.21600000000000005,49.388979600000006,156.18835080000005,3.4377480000000005,79.0968519,-9.40224078,-178.67122272
6.64,664,0.184,-0.7090000000000001,0.285,48.0711762,152.0057574,-0.4010706,79.36614216000002,-9.12149136,-177.17007275999995
6.65,665,0.211,-0.625,0.21600000000000005,45.550161,148.7398968,-0.4583664000000001,79.57813662,-8.88657858,-175.6975707
6.66,666,0.252,-0.539,0.114,47.269034999999995,140.14552680000003,2.291832,79.82450856,-8.691772859999999,-174.29955318
6.67,667,0.305,-0.435,0.053,49.7327544,127.88422560000001,5.443101,80.12244672,-8.554262940000001,-173.02185684
6.68,668,0.377,-0.317,-0.015,52.425657,114.64889579999999,8.136003599999999,80.46622152,-8.46831924,-171.87021126
6.6899999999999995,669,0.473,-0.188,-0.075,56.66554620000001,104.9086098,11.229976800000001,80.86156254,-8.376645960000001,-170.80450937999996
6.7,670,0.541,-0.092,-0.075,61.6502808,97.7466348,14.667724800000002,81.3313881,-8.38810512,-169.80756246
6.71,671,0.5529999999999999,-0.02,-0.009000000000000001,61.020027,93.3348582,18.162768600000003,81.79548408,-8.451130500000001,-168.85072259999995
6.72,672,0.466,0.053,0.006999999999999999,53.456981400000004,90.6992514,21.829699800000004,82.19082510000001,-8.55999252,-167.91107148
6.7299999999999995,673,0.306,0.101,-0.023,40.04976420000001,88.9230816,24.9809688,82.4486562,-8.7089616,-166.98860910000005
6.74,674,0.132,0.112,-0.083,28.6479,89.7825186,27.043617600000005,82.55178864,-8.87511942,-166.05468756
6.75,675,-0.027000000000000003,0.077,-0.208,21.027558600000006,92.3035338,27.8457588,82.60335486,-9.0527364,-165.09784770000005
6.76,676,-0.193,-0.005,-0.259,15.3552744,93.5640414,27.9603504,82.59762528,-9.23608296,-164.12954868
6.77,677,-0.362,-0.108,-0.206,11.688343199999998,92.5900128,28.1895336,82.54605906,-9.41942952,-163.16697924
6.78,678,-0.458,-0.25,-0.13,8.880849000000003,91.7878716,28.991674800000002,82.46584494,-9.60850566,-162.21586896000005
6.79,679,-0.469,-0.626,-0.215,-8.3651868,92.13164640000001,23.6058696,82.18509551999998,-9.78612264,-161.2590291
6.8,680,-0.5660000000000001,-1.749,-0.586,-59.58763199999999,118.315827,-15.527161800000002,81.37149516,-9.50537322,-160.11311310000005
6.81,681,-0.8640000000000001,-3.432,-1.661,-135.5618628,177.27320519999995,-85.3134462,79.71564654,-8.44540092,-158.50883069999998
6.82,682,-1.164,-3.128,-0.138,19.8243468,142.43735880000003,-109.20579479999999,79.73283528,-7.15624542,-157.29415974
6.83,683,-0.459,-2.5660000000000003,0.227,-8.078707799999998,133.78569299999998,-120.1492926,79.50365208,-5.7868758,-156.18835080000005
6.84,684,0.076,-1.6,-0.486,-33.9191136,151.83387,-88.52201099999998,79.01090819999997,-4.669607699999999,-154.87054740000005
6.85,685,0.447,-1.169,-0.412,16.902261,158.93854919999995,-46.9252602,79.04528567999998,-3.9534102,-153.39804534
6.86,686,0.6829999999999999,-1.257,-0.297,26.9863218,171.600921,-21.0848544,79.19425475999998,-3.47212548,-151.75938546
6.87,687,0.759,-1.456,-0.371,6.760904399999999,178.99207919999995,-2.86479,79.13695895999999,-3.1627281600000003,-150.01186356
6.88,688,0.5329999999999999,-1.5519999999999998,-0.28800000000000003,-5.2139178,175.89810599999996,7.5057497999999985,78.97080113999998,-2.9507337,-148.2815304
6.89,689,0.272,-1.664,-0.115,-1.145916,166.9599612,15.0114996,78.85620954,-2.81895336,-146.62568178
6.9,690,0.059,-1.7619999999999998,-0.024,-1.7761698,165.4129746,22.1161788,78.73588836,-2.76165756,-144.96983316
6.91,691,-0.123,-1.6909999999999998,0.04,-5.958763200000001,170.6268924,26.1841806,78.56973054,-2.73300966,-143.25095916
6.92,692,-0.23,-1.534,0.022,-7.1046792000000005,177.4450926,26.9863218,78.39211356000001,-2.6929026,-141.46905978
6.93,693,-0.234,-1.418,0.004,-7.3911582,183.9768138,26.41336380000001,78.20303742,-2.62987722,-139.6298646
6.9399999999999995,694,-0.179,-1.33,0.019,-12.0894138,188.1594072,27.6738714,77.98531338000002,-2.57258142,-137.7391032
6.95,695,-0.08900000000000001,-1.195,0.001,-16.386598799999998,189.8782812,32.8877892,77.71029354,-2.5496631,-135.82542347999998
6.96,696,-0.012,-1.062,-0.047,-14.32395,194.0608746,41.023792799999995,77.45246244,-2.58977016,-133.85444796
6.97,697,0.017,-0.939,-0.07200000000000001,-3.6096354,202.9417236,49.6754586,77.2920342,-2.68717302,-131.78034
6.9799999999999995,698,-0.004,-0.856,-0.066,7.6203414,208.4421204,52.82672760000001,77.24046797999998,-2.80176462,-129.63747708
6.99,699,-0.04,-0.799,-0.016,16.558486199999994,211.0777272,51.1651494,77.28630462,-2.8934379,-127.47742542
7.0,700,-0.069,-0.753,0.039,20.05353,210.7339524,46.409598,77.34933000000002,-2.93927454,-125.32883292
7.01,701,-0.085,-0.708,0.083,21.199446,209.5307406,40.737313799999995,77.42954411999997,-2.93927454,-123.20315874
7.02,702,-0.07,-0.654,0.08900000000000001,20.3973048,206.3221758,35.46610020000001,77.50402865999997,-2.8934379,-121.1233212
7.03,703,-0.065,-0.585,0.084,19.9962342,202.540653,31.111619399999995,77.5785132,-2.81322378,-119.08359072
7.04,704,-0.028,-0.484,0.008,20.3973048,199.44667980000003,28.2468294,77.67591605999998,-2.7215505,-117.0839673
7.05,705,-0.046,-0.448,0.035,26.814434400000003,199.6185672,25.6685184,77.83061472,-2.6012293200000003,-115.09007346
7.06,706,-0.049,-0.405,0.032,30.7105488,200.248821,24.0069402,78.02542044,-2.46944898,-113.09045004
7.07,707,-0.042,-0.394,0.038,35.17962120000001,202.1968782,23.5485738,78.27179238,-2.3376686399999995,-111.06790829999998
7.08,708,-0.042,-0.419,0.078,39.534102,205.0616682,22.9756158,78.56400096,-2.2058883,-109.02244824
7.09,709,-0.04,-0.475,0.081,34.60666320000001,209.2442616,21.7151082,78.82183205999998,-2.06837838,-106.93688112
7.1,710,-0.051,-0.499,0.05,38.7892566,212.1663474,20.5691922,79.11404064,-1.9194093000000003,-104.82266610000002
7.11,711,-0.02,-0.573,0.08800000000000001,43.3156248,212.1663474,17.3606274,79.45781544,-1.75325148,-102.71418065999998
7.12,712,0.005,-0.618,0.111,43.7166954,210.9631356,12.605076,79.81304940000003,-1.55844576,-100.62861354
7.13,713,0.053,-0.701,0.131,43.4302164,209.416149,5.72958,80.17401294,-1.30634424,-98.56596474
7.14,714,0.07400000000000001,-0.731,0.129,36.5547204,209.8745154,1.0886202,80.500599,-1.01413566,-96.50331594
7.15,715,0.08199999999999999,-0.7859999999999999,0.117,33.116972399999995,206.0356968,-1.9480572,80.77561884,-0.7161975,-94.48650378
7.16,716,0.08800000000000001,-0.895,0.094,29.8511118,200.9936664,-3.6669312000000014,81.03344994,-0.41825934,-92.52125784
7.17,717,0.111,-1.007,0.019,28.1322378,195.4932696,-2.4637194,81.27982188,-0.14323950000000002,-90.60184854
7.18,718,0.154,-1.132,-0.049,28.8770832,185.1800256,3.3231564,81.54911214,0.04010706,-88.7798421
7.1899999999999995,719,0.251,-1.229,-0.103,27.2728008,169.36638480000005,14.152062599999999,81.80694324,0.12032118,-87.09534558
7.2,720,0.401,-1.267,-0.125,21.485925,149.828517,30.9970278,82.00747854,-0.00572958,-85.57700688
7.21,721,0.546,-1.269,-0.14300000000000002,10.599723,129.54580380000002,45.0344988,82.09915182,-0.30939732,-84.24201474
7.22,722,0.649,-1.255,-0.115,-0.6875496,112.4716554,52.6548402,82.06477434,-0.70473834,-83.06745083999998
7.2299999999999995,723,0.716,-1.2990000000000002,-0.106,-8.193299399999999,98.835255,52.712136,81.95591232000002,-1.1172681,-82.02466728
7.24,724,0.7090000000000001,-1.413,-0.135,-10.9434978,86.1728832,46.5241896,81.81267282,-1.44958374,-81.11366405999998
7.25,725,0.601,-1.536,-0.161,-7.6776372,72.93755340000001,35.3515086,81.7038108,-1.7188740000000002,-80.35162992
7.26,726,0.41,-1.601,-0.16399999999999998,-0.9167328,58.44171600000001,22.1161788,81.66943332,-1.86784308,-79.74429444
7.27,727,0.161,-1.536,-0.157,4.8128472,44.977203,10.1986524,81.69808122,-1.91367972,-79.28592804
7.28,728,-0.046,-1.399,-0.14300000000000002,10.1986524,37.1276784,-1.8907613999999997,81.78402492,-1.85065434,-78.9249645
7.29,729,-0.16699999999999998,-1.245,-0.114,8.479778399999999,35.17962120000001,-10.8289062,81.85850946000002,-1.73606274,-78.59264886000003
7.3,730,-0.212,-1.105,-0.096,8.250595200000001,39.7059894,-16.1001198,81.92726442,-1.53552744,-78.22595574
7.31,731,-0.18,-1.01,-0.077,11.5737516,48.8733174,-18.3919518,82.03039686,-1.29488508,-77.76758934
7.32,732,-0.105,-0.973,-0.055,13.5791046,59.014674,-18.7357266,82.14498846000002,-1.04851314,-77.21182008000002
7.33,733,0.004,-0.953,-0.047,11.745639,66.9214944,-18.7930224,82.2481209,-0.7906820400000001,-76.57583670000002
7.34,734,0.113,-0.928,-0.039,9.224623800000002,71.67704579999999,-18.6784308,82.33406459999998,-0.49274388,-75.89401668000002
7.35,735,0.201,-0.905,-0.024,8.136003599999999,73.45321560000002,-18.449247600000003,82.40281956,-0.23491278,-75.19500792
7.36,736,0.247,-0.889,-0.018000000000000002,7.1046792000000005,72.0208206,-17.475219,82.46584494,0.00572958,-74.50745832
7.37,737,0.251,-0.877,-0.025,4.583664,68.0674104,-16.1001198,82.50595200000002,0.23491278,-73.86001578
7.38,738,0.227,-0.8590000000000001,-0.033,2.1199446,63.942112800000004,-14.2093584,82.52314074,0.44117766,-73.24695072
7.39,739,0.192,-0.847,-0.033,0.0,59.98870260000001,-11.745639,82.5345999,0.66463128,-72.67399272
7.4,740,0.16,-0.845,-0.042,-2.6356068,56.4936588,-8.8235532,82.50595200000002,0.8078707799999998,-72.12968262000003
7.41,741,0.14400000000000002,-0.852,-0.055,-5.72958,52.8840234,-5.958763200000001,82.4486562,0.92246238,-71.61402042
7.42,742,0.147,-0.862,-0.061,-7.7349330000000025,49.4462754,-3.724227,82.36844208,1.00840608,-71.13273569999998
7.43,743,0.166,-0.883,-0.083,-9.568398599999998,46.123119,-1.6615782,82.2767688,1.07143146,-70.68582846
7.4399999999999995,744,0.202,-0.926,-0.115,-10.8289062,41.1383844,0.0,82.15644762000002,1.19748222,-70.27902828
7.45,745,0.234,-0.966,-0.145,-11.6310474,34.3201842,0.8021411999999999,82.04185602,1.22040054,-69.94098306000001
7.46,746,0.252,-0.993,-0.171,-10.255948199999999,29.1062664,1.6042823999999998,81.93872358,1.23758928,-69.65450406
7.47,747,0.251,-1.004,-0.182,-7.7349330000000025,24.5226024,1.8334656000000005,81.86423904,1.24904844,-69.41386170000001
7.4799999999999995,748,0.23,-1.008,-0.183,-5.2712136,21.8869956,0.9740286,81.81267282,1.2605076000000002,-69.19613766
7.49,749,0.195,-1.007,-0.177,-3.8961144,21.199446,-0.2291832000000001,81.73245870000002,1.4037471,-68.98987278000001
7.5,750,0.154,-1.014,-0.16899999999999998,-2.6929026,21.6005166,-1.432395,81.70954037999998,1.44385416,-68.77787832
7.51,751,0.103,-1.021,-0.158,-2.0053530000000004,22.6891368,-2.3491278,81.69235164,1.49542038,-68.56015427999999
7.52,752,0.049,-1.028,-0.149,-2.0053530000000004,23.9496444,-3.0939732,81.66943332,1.5527161800000002,-68.33097108000001
7.53,753,0.013,-1.033,-0.141,-2.0626488000000003,24.5798982,-3.4377480000000005,81.65224458,1.6157415599999996,-68.09032872
7.54,754,0.004,-1.042,-0.14300000000000002,-2.291832,24.694489800000003,-3.4950437999999995,81.62359668,1.6673077799999998,-67.85541594
7.55,755,0.025,-1.044,-0.152,-3.380452200000001,25.78311,-3.4377480000000005,81.59494878,1.73033316,-67.60904400000001
7.56,756,0.07200000000000001,-1.029,-0.155,-3.724227,27.2728008,-2.578311,81.56057129999998,1.78762896,-67.34548332
7.57,757,0.132,-1.009,-0.15,-2.9793816000000004,28.0176462,-0.8594370000000001,81.53192340000003,1.82773602,-67.07046348
7.58,758,0.198,-0.994,-0.146,-2.4064236,26.41336380000001,1.0313244,81.51473466,1.85065434,-66.80690279999999
7.59,759,0.251,-0.984,-0.141,-2.2345362,22.91832,2.4637194,81.48035718,2.02254174,-66.5777196
7.6,760,0.28,-0.981,-0.133,-1.5469866,17.3606274,3.151269,81.46889802,2.01108258,-66.40583219999999
7.61,761,0.277,-0.996,-0.118,-0.5156622000000001,9.6256944,3.0939732,81.46889802,1.99389384,-66.30269976
7.62,762,0.244,-1.017,-0.109,0.4010706,3.380452200000001,2.4064236,81.47462759999998,1.97097552,-66.26832228
7.63,763,0.196,-1.03,-0.1,2.2345362,-1.0313244,1.4896908000000002,81.49754592000002,1.95378678,-66.27405186
7.64,764,0.14800000000000002,-1.036,-0.085,4.297185,-4.4117766,0.5156622000000001,81.61213752,2.11421502,-66.31415892
7.65,765,0.115,-1.029,-0.081,5.2712136,-6.703608600000001,-0.4583664000000001,81.66943332,2.10848544,-66.37718430000001
7.66,766,0.102,-1.005,-0.067,5.844171599999999,-8.4224826,-1.145916,81.72672911999999,2.11421502,-66.463128
7.67,767,0.108,-0.971,-0.053,5.958763200000001,-11.172681,-1.145916,81.78402492,2.10848544,-66.57199002
7.68,768,0.131,-0.947,-0.053,5.2712136,-14.381245800000002,-0.6302538000000001,81.83559113999998,2.10275586,-66.71522952000001
7.6899999999999995,769,0.153,-0.931,-0.053,5.6149884000000005,-17.246035799999998,-0.057295800000000015,81.92726442,2.1772404,-66.88138734
7.7,770,0.166,-0.932,-0.054000000000000006,6.8182002000000015,-19.0222056,0.5156622000000001,81.9902898,2.15432208,-67.06473390000001
7.71,771,0.17,-0.933,-0.057,6.990087599999999,-20.798375399999998,1.2605076000000002,82.05904475999998,2.1199446,-67.27099878
7.72,772,0.158,-0.937,-0.062,6.589017,-22.5172494,1.7188740000000002,82.12207014,2.07983754,-67.48872281999999
7.7299999999999995,773,0.14400000000000002,-0.956,-0.07400000000000001,6.760904399999999,-23.6058696,2.1772404,82.18509551999998,2.02827132,-67.71790602000002
7.74,774,0.128,-0.979,-0.083,7.6203414,-24.064235999999998,2.9793816000000004,82.27103922,2.02827132,-67.94708922
7.75,775,0.122,-1.004,-0.081,8.8235532,-25.1528562,4.583664,82.35698292000002,1.9595163600000003,-68.18773158
7.76,776,0.124,-1.023,-0.073,9.740286,-27.1582092,6.760904399999999,82.4486562,1.8621135,-68.44556268
7.77,777,0.117,-1.032,-0.076,9.8548776,-29.2781538,9.9121734,82.54605906,1.73606274,-68.72058252
7.78,778,0.095,-1.03,-0.081,9.224623800000002,-31.5699858,12.3758928,82.63773234,1.5813640800000002,-69.0127911
7.79,779,0.067,-1.027,-0.099,8.7089616,-33.0596766,13.464512999999998,82.72367604,1.432395,-69.32218842
7.8,780,0.039,-1.039,-0.118,9.2819196,-34.1482968,12.605076,82.81534932000002,1.27196676,-69.64304489999999
7.81,781,0.004,-1.063,-0.13,9.797581800000001,-34.60666320000001,10.313244,82.91275218,1.14018642,-69.96963095999999
7.82,782,-0.021,-1.084,-0.136,10.4278356,-33.1742682,6.703608600000001,83.01588462000002,1.04278356,-70.29048744
7.83,783,-0.042,-1.091,-0.123,11.8602306,-30.3094782,2.6356068,83.1362058,0.9912173399999998,-70.58269602
7.84,784,-0.044,-1.082,-0.119,12.7196676,-28.0176462,-0.572958,83.25652698,0.95111028,-70.85771586000001
7.85,785,-0.03,-1.048,-0.119,11.516455800000001,-27.788463,-1.9480572,83.37111858,0.9453806999999999,-71.13273569999998
7.86,786,-0.016,-1.002,-0.112,10.0840608,-28.8770832,-1.6042823999999998,83.47425102000003,0.93965112,-71.4192147
7.87,787,0.005,-0.958,-0.094,9.1100322,-30.0229992,-0.6302538000000001,83.5659243,0.92246238,-71.71142327999998
7.88,788,0.02,-0.927,-0.075,8.59437,-31.340802600000004,0.0,83.65186800000002,0.89381448,-72.02082060000002
7.89,789,0.038,-0.915,-0.076,7.7922288,-33.231564,0.572958,83.73208212,0.87662574,-72.34740666
7.9,790,0.056,-0.916,-0.08800000000000001,6.0733548,-35.7525792,1.0313244,83.7951075,0.8422482600000001,-72.69691104
7.91,791,0.071,-0.927,-0.099,3.724227,-38.38818600000001,1.3750992,83.82948498,0.79641162,-73.07506332
7.92,792,0.069,-0.935,-0.107,1.3178034,-40.8519054,1.145916,83.84667372,0.75630456,-73.47613392
7.93,793,0.057,-0.94,-0.11,-0.6302538000000001,-44.2323576,0.286479,83.83521456,0.7161975,-73.911582
7.94,794,0.044,-0.954,-0.125,-2.86479,-47.269034999999995,-0.572958,83.78937792,0.69327918,-74.38140755999999
7.95,795,0.031,-0.967,-0.14,-5.3858052,-49.6754586,-1.432395,83.73781170000002,0.6703608600000001,-74.87415144
7.96,796,0.011,-0.978,-0.145,-7.5057497999999985,-51.56622,-2.0053530000000004,83.66332716000002,0.64744254,-75.38408405999998
7.97,797,-0.02,-0.985,-0.145,-9.224623800000002,-52.9413192,-2.6929026,83.5659243,0.6302538000000001,-75.91120542
7.9799999999999995,798,-0.057,-0.984,-0.14,-10.313244,-54.20182679999999,-3.8388186,83.46279186000002,0.61879464,-76.44978594
7.99,799,-0.099,-0.985,-0.129,-10.6570188,-54.54560160000001,-5.5003968,83.34820026,0.59587632,-76.99409604
8.0,800,-0.132,-0.986,-0.119,-10.9434978,-53.8007562,-7.1046792000000005,83.23933824000002,0.61879464,-77.53267656
8.01,801,-0.163,-0.992,-0.096,-9.568398599999998,-51.1651494,-8.3651868,83.14193537999998,0.65317212,-78.04833876000002
8.02,802,-0.182,-1.016,-0.07400000000000001,-7.1046792000000005,-46.6387812,-8.3651868,83.07318042,0.69327918,-78.51816432000003
8.03,803,-0.193,-1.045,-0.057,-3.4950437999999995,-41.1383844,-6.875496000000001,83.03307336,0.72192708,-78.93069408
8.04,804,-0.203,-1.067,-0.045,0.8594370000000001,-34.8931422,-4.4690724,83.07318042,0.64744254,-79.28019846
8.05,805,-0.214,-1.077,-0.031,6.703608600000001,-28.4187168,-1.6615782,83.14193537999998,0.64171296,-79.56094787999999
8.06,806,-0.212,-1.084,-0.018000000000000002,12.318597,-21.3713334,1.3178034,83.26798613999998,0.6073354799999999,-79.76721276
8.07,807,-0.19,-1.075,-0.017,16.1001198,-15.2979786,4.297185,83.42841438,0.55576926,-79.91618184000002
8.08,808,-0.168,-1.056,-0.017,17.3606274,-10.3705398,6.1879464,83.60603136,0.4870143000000001,-80.00785512
8.09,809,-0.147,-1.036,-0.022,16.329303,-6.760904399999999,6.760904399999999,83.81229624,0.32085648,-80.06515092
8.1,810,-0.125,-1.011,-0.03,14.152062599999999,-5.1566220000000005,6.3025379999999975,83.96126532,0.25783110000000004,-80.11098756
8.11,811,-0.098,-0.994,-0.05,11.0007936,-4.0680017999999984,4.9274388,84.07012734,0.20626488,-80.14536504
8.12,812,-0.077,-0.998,-0.08,7.9641161999999985,-4.8128472,3.2658606,84.15607104,0.1718874,-80.18547209999998
8.13,813,-0.047,-1.003,-0.092,5.7868758000000025,-4.7555514,1.7188740000000002,84.21336684,0.14896908,-80.23130874
8.14,814,-0.014,-1.011,-0.095,4.7555514,-4.7555514,0.286479,84.23055558,0.14323950000000002,-80.27714538
8.15,815,0.013,-0.995,-0.08900000000000001,4.7555514,-4.3544808,-1.8334656000000005,84.2821218,0.16042824,-80.32298202
8.16,816,0.024,-0.963,-0.078,5.7868758000000025,-2.5210152000000003,-4.5263682,84.3394176,0.20053530000000008,-80.35162992
8.17,817,0.025,-0.932,-0.061,7.7922288,0.572958,-6.6463128000000005,84.41963172,0.26929026,-80.35162992
8.18,818,0.016,-0.917,-0.046,10.5424272,3.2658606,-7.6203414,84.52276416000002,0.34950438,-80.32298202
8.19,819,-0.004,-0.928,-0.039,12.318597,4.9274388,-7.5057497999999985,84.67173324000002,0.41825934,-80.28287496
8.2,820,-0.03,-0.955,-0.036000000000000004,13.120738199999998,5.1566220000000005,-6.3025379999999975,84.80351358,0.48128472,-80.23703832
8.209999999999999,821,-0.058,-0.992,-0.037000000000000005,13.750992000000002,4.3544808,-4.4690724,84.9410235,0.53285094,-80.19120168
8.22,822,-0.07400000000000001,-1.028,-0.045,14.32395,2.9220857999999996,-2.6356068,85.08999258,0.56149884,-80.16255378
8.23,823,-0.075,-1.051,-0.062,14.266654199999998,0.9740286,-0.9740286,85.23323208,0.5729580000000001,-80.1568242
8.24,824,-0.057,-1.052,-0.065,14.2093584,-2.0053530000000004,-0.11459160000000004,85.37647158,0.52139178,-80.17401294
8.25,825,-0.037000000000000005,-1.044,-0.063,14.037471,-5.3285094000000015,0.11459160000000004,85.51971108000002,0.52139178,-80.22557916000002
8.26,826,-0.022,-1.028,-0.063,13.6364004,-7.6776372,0.0,85.65722099999998,0.5156622000000001,-80.3000637
8.27,827,-0.016,-1.012,-0.062,13.521808800000002,-8.880849000000003,-0.5156622000000001,85.79473092,0.52139178,-80.3860074
8.28,828,-0.023,-0.996,-0.056,13.8655836,-8.880849000000003,-1.2032118,85.93797042,0.53285094,-80.4719511
8.29,829,-0.032,-0.99,-0.051,13.9228794,-8.078707799999998,-1.8334656000000005,86.07548034,0.5156622000000001,-80.55216521999998
8.3,830,-0.046,-0.989,-0.051,13.9228794,-6.2452422,-2.0626488000000003,86.21299026,0.53285094,-80.61519059999998
8.31,831,-0.059,-0.992,-0.05,14.0947668,-3.6096354,-1.8334656000000005,86.35622975999998,0.55003968,-80.64956808000002
8.32,832,-0.066,-0.995,-0.047,14.152062599999999,-0.057295800000000015,-1.2032118,86.49946926,0.56722842,-80.64956808000002
8.33,833,-0.068,-0.997,-0.046,13.9228794,3.151269,-0.286479,86.64270875999998,0.5729580000000001,-80.62092018
8.34,834,-0.065,-0.998,-0.05,13.464512999999998,5.6722842,0.4583664000000001,86.76302994,0.5099326200000001,-80.56362438
8.35,835,-0.06,-0.998,-0.053,13.178034,7.5630456000000015,1.2605076000000002,86.90053986000002,0.4984734599999999,-80.48341026
8.36,836,-0.053,-1.002,-0.06,13.0061466,8.9381448,1.6615782,87.03232019999999,0.4870143000000001,-80.39173698
8.37,837,-0.049,-1.001,-0.062,13.0061466,9.969469199999999,1.8334656000000005,87.16410053999998,0.46982556,-80.29433412
8.38,838,-0.044,-0.998,-0.063,13.120738199999998,10.4851314,1.6615782,87.29588088,0.4583664000000001,-80.18547209999998
8.39,839,-0.038,-0.995,-0.063,13.5791046,10.6570188,1.2605076000000002,87.4047429,0.41825934,-80.08233966
8.4,840,-0.035,-0.995,-0.061,13.8655836,10.4278356,1.0886202,87.54225282,0.40680018,-79.97347764
8.41,841,-0.032,-1.0,-0.06,14.5531332,9.740286,1.432395,87.69122189999999,0.39534102,-79.87607478
8.42,842,-0.03,-1.002,-0.058,14.9542038,9.224623800000002,1.7761698,87.84019098,0.38388186,-79.77867192
8.43,843,-0.031,-1.006,-0.056,15.183387000000002,8.8235532,2.0053530000000004,87.99488964000004,0.36096354,-79.69272822
8.44,844,-0.034,-1.009,-0.053,15.2406828,8.7089616,2.0626488000000003,88.12094040000002,0.32085648,-79.60105494000003
8.45,845,-0.041,-1.016,-0.051,14.896907999999998,8.7662574,1.6615782,88.26990948,0.30366774,-79.51511124
8.459999999999999,846,-0.05,-1.019,-0.05,14.32395,9.0527364,0.9167328,88.41314897999996,0.29220857999999994,-79.42343796
8.47,847,-0.053,-1.018,-0.046,13.8082878,9.6256944,-0.11459160000000004,88.55638848,0.29793816,-79.32603509999998
8.48,848,-0.052000000000000005,-1.019,-0.041,13.464512999999998,10.7143146,-0.9740286,88.68816882,0.30939732,-79.21717308
8.49,849,-0.042,-1.02,-0.037000000000000005,13.0634424,11.745639,-1.2605076000000002,88.79703083999998,0.29220857999999994,-79.10258148
8.5,850,-0.032,-1.021,-0.035,12.7196676,12.5477802,-1.0313244,88.92881118,0.30366774,-78.97653072
8.51,851,-0.022,-1.019,-0.032,12.1467096,12.7769634,-0.1718874,89.04913236,0.30366774,-78.85047996
8.52,852,-0.015,-1.018,-0.028,11.4018642,12.7769634,0.7448454000000001,89.16372396,0.29793816,-78.71869962000002
8.53,853,-0.015,-1.019,-0.021,10.599723,12.4904844,1.5469866,89.27258598,0.28074942,-78.59837844
8.54,854,-0.019,-1.022,-0.015,9.8548776,12.032117999999999,2.0053530000000004,89.3528001,0.24637194,-78.47805725999999
8.55,855,-0.024,-1.031,-0.01,9.224623800000002,11.45916,2.1199446,89.44447338,0.22345362,-78.36346566
8.56,856,-0.026,-1.034,-0.009000000000000001,8.7089616,10.9434978,1.9480572,89.53041707999998,0.20053530000000008,-78.24887406
8.57,857,-0.029,-1.034,-0.009000000000000001,8.193299399999999,10.4278356,1.6042823999999998,89.61636078000002,0.18334656,-78.14574162
8.58,858,-0.031,-1.032,-0.01,7.6776372,10.0840608,1.2032118,89.69084532,0.1718874,-78.04833876000002
8.59,859,-0.03,-1.027,-0.01,6.760904399999999,9.740286,0.9740286,89.73095237999998,0.12605075999999998,-77.9509359
8.6,860,-0.025,-1.022,-0.011,5.72958,9.3965112,0.8021411999999999,89.78824818,0.12032118,-77.85926262000002
8.61,861,-0.021,-1.017,-0.015,4.4117766,8.9954406,0.6875496,89.82835524000002,0.10886202,-77.76758934
8.62,862,-0.017,-1.012,-0.017,2.9220857999999996,8.5370742,0.4010706,89.85700313999996,0.10313244,-77.68164564
8.63,863,-0.015,-1.01,-0.018000000000000002,1.6615782,8.193299399999999,0.1718874,89.87419188,0.09740286,-77.60143152
8.64,864,-0.012,-1.01,-0.018000000000000002,0.4583664000000001,8.136003599999999,-0.1718874,89.79970734,0.08021412,-77.52121740000003
8.65,865,-0.012,-1.013,-0.015,-0.572958,7.7349330000000025,-0.3437748,89.78824818,0.08021412,-77.44673286
8.66,866,-0.014,-1.016,-0.015,-1.5469866,7.0473834,-0.3437748,89.77105944,0.08021412,-77.37224832
8.67,867,-0.017,-1.022,-0.015,-2.4637194,6.3598338,-0.3437748,89.74814112,0.0859437,-77.31495251999998
8.68,868,-0.018000000000000002,-1.025,-0.013,-3.8388186,6.016058999999999,-0.4010706,89.70803406,0.0859437,-77.25192713999998
8.69,869,-0.021,-1.024,-0.013,-5.2712136,5.6722842,-0.572958,89.6106312,0.06302537999999999,-77.20036092000002
8.7,870,-0.021,-1.029,-0.011,-6.4744254,5.6149884000000005,-0.8021411999999999,89.54187624,0.06875496,-77.14306512
8.71,871,-0.022,-1.036,0.002,-8.021412000000002,6.0733548,-1.2032118,89.46166212,0.08021412,-77.08576932000003
8.72,872,-0.021,-1.043,0.01,-10.6570188,6.3025379999999975,-1.6042823999999998,89.3528001,0.09740286,-77.02274394
8.73,873,-0.019,-1.04,0.013,-12.891555,5.6722842,-1.8334656000000005,89.22101975999998,0.10886202,-76.96544814
8.74,874,-0.015,-1.032,0.014,-14.266654199999998,4.7555514,-2.0626488000000003,89.08350984,0.12032118,-76.92534108
8.75,875,-0.008,-1.023,0.016,-15.469866,4.4117766,-2.291832,88.9230816,0.14323950000000002,-76.87950443999998
8.76,876,-0.005,-1.011,0.013,-16.501190400000002,4.5263682,-2.4064236,88.75692378,0.16615782,-76.83939738000002
8.77,877,-0.004,-1.004,0.003,-17.475219,4.8701430000000006,-2.5210152000000003,88.57930680000004,0.18907614,-76.79356074
8.78,878,-0.006999999999999999,-0.998,-0.009000000000000001,-18.162768600000003,5.042030400000002,-2.4637194,88.39023066,0.21199446,-76.7477241
8.79,879,-0.009000000000000001,-0.992,-0.02,-18.048177,4.6982556,-2.3491278,88.20115452,0.2291832000000001,-76.70188746
8.8,880,-0.01,-0.991,-0.026,-16.386598799999998,4.297185,-2.3491278,88.02926712000001,0.25210152,-76.66178040000001
8.81,881,-0.009000000000000001,-0.988,-0.029,-14.0947668,4.010706000000001,-2.4637194,87.88602762000002,0.27501984,-76.62167334
8.82,882,-0.006,-0.984,-0.032,-11.688343199999998,4.297185,-2.3491278,87.77143602000002,0.29793816,-76.58156627999998
8.83,883,-0.003,-0.979,-0.037000000000000005,-9.5111028,5.2139178,-2.1199446,87.67403316,0.32085648,-76.53572964
8.84,884,-0.002,-0.973,-0.047,-7.6203414,5.958763200000001,-1.6042823999999998,87.55371198,0.33231564,-76.47843384000002
8.85,885,0.0,-0.971,-0.057,-5.6149884000000005,6.4744254,-0.9740286,87.49641618000004,0.3437748,-76.41540846000002
8.86,886,0.005,-0.972,-0.066,-3.4377480000000005,6.5317212,-0.3437748,87.46203870000002,0.3437748,-76.34665349999999
8.87,887,0.01,-0.973,-0.069,-1.3750992,6.0733548,0.286479,87.45057954,0.3437748,-76.28935770000002
8.88,888,0.011,-0.974,-0.069,1.145916,5.5003968,0.8021411999999999,87.46203870000002,0.33804522,-76.23206189999998
8.89,889,0.006999999999999999,-0.978,-0.063,2.86479,5.6722842,0.9740286,87.42766122,0.33231564,-76.1747661
8.9,890,0.0,-0.983,-0.057,4.297185,5.844171599999999,0.9167328,87.46776828,0.32658606,-76.11747030000002
8.91,891,-0.01,-0.989,-0.055,5.3858052,6.0733548,0.6302538000000001,87.52506408,0.32085648,-76.05444492
8.92,892,-0.017,-0.995,-0.05,5.9014674000000005,6.417129599999999,0.1718874,87.58235988,0.32085648,-75.99141954000002
8.93,893,-0.017,-0.999,-0.046,5.9014674000000005,6.8182002000000015,-0.286479,87.64538526,0.32658606,-75.92266457999997
8.94,894,-0.015,-1.002,-0.041,5.6149884000000005,7.2192707999999985,-0.5156622000000001,87.66830358,0.30939732,-75.85390962
8.95,895,-0.011,-1.003,-0.039,5.1566220000000005,7.6203414,-0.572958,87.7198698,0.31512690000000004,-75.77942508000002
8.96,896,-0.008,-1.005,-0.038,4.6982556,8.4224826,-0.286479,87.77143602000002,0.32085648,-75.69348138000002
8.97,897,-0.008,-1.006,-0.033,4.9274388,8.9954406,0.0,87.81727266,0.32085648,-75.60180809999999
8.98,898,-0.008,-1.009,-0.025,5.0993262,9.6829902,0.2291832000000001,87.86883888,0.32085648,-75.50440524000003
8.99,899,-0.006999999999999999,-1.01,-0.022,5.3285094000000015,10.1986524,0.4010706,87.92040510000002,0.30939732,-75.40700238
9.0,900,-0.005,-1.008,-0.019,5.3285094000000015,10.6570188,0.4010706,87.97197132,0.30939732,-75.29814036
9.01,901,0.003,-1.007,-0.018000000000000002,5.2139178,11.1153852,0.4010706,88.02353753999998,0.30366774,-75.18927834
9.02,902,0.012,-1.004,-0.018000000000000002,4.9274388,11.1153852,0.8021411999999999,88.07510376,0.29793816,-75.07468673999998
9.03,903,0.022,-1.003,-0.015,4.5263682,10.7716104,1.5469866,88.12094040000002,0.28074942,-74.97155430000002
9.04,904,0.026,-1.004,-0.013,3.5523396000000003,9.6256944,2.3491278,88.14958829999998,0.29220857999999994,-74.87415144
9.05,905,0.024,-1.004,-0.012,2.8074942000000003,8.4224826,2.8074942000000003,88.17823620000001,0.26356068,-74.78820774
9.06,906,0.014,-1.007,-0.013,1.8907613999999997,7.3911582,2.7501984,88.19542494,0.23491278,-74.71372319999998
9.07,907,0.004,-1.009,-0.018000000000000002,0.572958,6.4744254,2.1772404,88.20115452,0.21199446,-74.65069782
9.08,908,-0.003,-1.011,-0.023,-0.8594370000000001,5.6722842,1.3750992,88.19542494,0.20053530000000008,-74.59340202
9.09,909,-0.006999999999999999,-1.008,-0.027000000000000003,-2.1199446,4.8701430000000006,0.4010706,88.13239956,0.17761697999999998,-74.5418358
9.1,910,-0.004,-1.009,-0.024,-2.5210152000000003,4.3544808,-0.286479,88.10375166,0.18334656,-74.50172874
9.11,911,0.004,-1.022,-0.016,-2.1199446,4.010706000000001,-0.9167328,88.08083334,0.18907614,-74.46162168000002
9.12,912,0.006999999999999999,-1.032,-0.009000000000000001,-1.2605076000000002,3.380452200000001,-0.9167328,88.06937418,0.20053530000000008,-74.42724419999998
9.13,913,0.004,-1.033,0.0,-0.6875496,2.9793816000000004,-0.8021411999999999,88.0636446,0.20626488,-74.3985963
9.14,914,0.0,-1.025,0.003,-0.8021411999999999,2.7501984,-1.0313244,88.10375166,0.21772404,-74.3699484
9.15,915,-0.003,-1.008,0.005,-1.5469866,2.5210152000000003,-1.432395,88.0922925,0.2291832000000001,-74.34703008
9.16,916,-0.004,-0.997,0.006999999999999999,-2.2345362,2.291832,-1.8334656000000005,88.0636446,0.25210152,-74.32411176
9.17,917,-0.002,-0.998,0.011,-2.6356068,2.1199446,-2.1199446,88.04072628,0.26929026,-74.30692302
9.18,918,0.004,-1.012,0.014,-3.380452200000001,1.9480572,-2.1772404,88.0063488,0.29220857999999994,-74.2840047
9.19,919,0.018000000000000002,-1.022,0.009000000000000001,-4.3544808,1.2032118,-2.0626488000000003,88.0063488,0.35523396,-74.27254554
9.2,920,0.029,-1.025,0.003,-5.443101,-0.9167328,-1.7761698,87.94905299999998,0.3724227000000001,-74.2840047
9.21,921,0.031,-1.021,0.005,-5.958763200000001,-2.5210152000000003,-1.4896908000000002,87.88602762000002,0.38961144,-74.31265259999998
9.22,922,0.026,-1.016,0.011,-6.417129599999999,-2.9793816000000004,-1.3178034,87.82300224,0.4010706000000001,-74.3413005
9.23,923,0.016,-1.013,0.011,-6.875496000000001,-2.6356068,-0.9740286,87.75424728,0.41252976,-74.3699484
9.24,924,0.008,-1.016,0.002,-7.6776372,-2.0053530000000004,-0.5156622000000001,87.70268106,0.41825934,-74.38713714000002
9.25,925,0.005,-1.017,-0.005,-8.078707799999998,-1.7188740000000002,0.0,87.62246694,0.41825934,-74.40432588
9.26,926,0.006999999999999999,-1.018,-0.009000000000000001,-7.7922288,-2.0053530000000004,0.4583664000000001,87.54225282,0.41252976,-74.42724419999998
9.27,927,0.009000000000000001,-1.02,-0.015,-6.875496000000001,-2.578311,0.8021411999999999,87.47349786,0.40680018,-74.4558921
9.28,928,0.005,-1.021,-0.014,-5.1566220000000005,-3.380452200000001,0.6875496,87.42193164,0.39534102,-74.49026957999997
9.29,929,0.002,-1.023,-0.014,-3.5523396000000003,-3.724227,0.2291832000000001,87.4047429,0.38961144,-74.52464705999998
9.3,930,0.0,-1.022,-0.012,-2.2345362,-3.8961144,-0.286479,87.38182458,0.38961144,-74.56475412
9.31,931,0.003,-1.018,-0.015,-1.432395,-4.010706000000001,-0.8594370000000001,87.37036542000001,0.4010706000000001,-74.60486118
9.32,932,0.006999999999999999,-1.004,-0.015,-0.6302538000000001,-4.0680017999999984,-1.0886202,87.36463583999998,0.41252976,-74.64496824
9.33,933,0.009000000000000001,-0.991,-0.011,0.11459160000000004,-4.0680017999999984,-0.9740286,87.36463583999998,0.41825934,-74.68507530000002
9.34,934,0.008,-0.982,-0.005,0.8594370000000001,-3.8388186,-0.9167328,87.42193164,0.44117766,-74.72518235999998
9.35,935,0.006999999999999999,-0.983,0.001,1.145916,-3.6669312000000014,-0.8021411999999999,87.4333908,0.4526368200000001,-74.75955984
9.36,936,0.003,-0.99,0.003,1.2032118,-4.010706000000001,-0.8021411999999999,87.44484996,0.4583664000000001,-74.7996669
9.37,937,0.0,-0.999,0.006,1.0886202,-4.2398892,-0.9740286,87.45630911999999,0.46982556,-74.84550354000002
9.38,938,0.0,-1.009,0.011,0.7448454000000001,-4.5263682,-1.2605076000000002,87.46776828,0.48128472,-74.88561059999998
9.39,939,0.002,-1.016,0.009000000000000001,0.2291832000000001,-4.583664,-1.5469866,87.54225282,0.4984734599999999,-74.93144724
9.4,940,0.006999999999999999,-1.019,0.006,-0.6302538000000001,-4.5263682,-1.6615782,87.53652324,0.5099326200000001,-74.97728388
9.41,941,0.014,-1.018,-0.001,-1.6615782,-4.4117766,-1.5469866,87.5193345,0.52712136,-75.02312051999998
9.42,942,0.022,-1.017,-0.012,-3.0366774,-4.297185,-1.0313244,87.49068659999998,0.53858052,-75.06895716
9.43,943,0.025,-1.015,-0.026,-4.5263682,-4.2398892,-0.286479,87.43912037999998,0.53858052,-75.10906422000002
9.44,944,0.024,-1.02,-0.034,-5.844171599999999,-4.4117766,0.4010706,87.36463583999998,0.55576926,-75.15490086000001
9.45,945,0.023,-1.027,-0.043,-6.703608600000001,-4.4117766,0.6302538000000001,87.29588088,0.55003968,-75.2007375
9.46,946,0.021,-1.029,-0.047,-6.6463128000000005,-4.5263682,0.8021411999999999,87.22712592,0.53858052,-75.24657413999998
9.47,947,0.015,-1.028,-0.051,-6.3025379999999975,-4.7555514,0.6875496,87.16410053999998,0.53285094,-75.29241078
9.48,948,0.01,-1.025,-0.049,-5.844171599999999,-4.9274388,0.5156622000000001,87.10107516000002,0.52712136,-75.33824741999999
9.49,949,0.01,-1.016,-0.046,-5.0993262,-4.8128472,0.1718874,87.02659062000002,0.53285094,-75.38981364
9.5,950,0.011,-1.003,-0.043,-4.1825934,-4.7555514,0.0,86.98648356,0.53285094,-75.43565028
9.51,951,0.009000000000000001,-0.988,-0.035,-3.2658606,-4.9274388,-0.057295800000000015,86.95210608,0.52712136,-75.4872165
9.52,952,0.011,-0.981,-0.027000000000000003,-2.4637194,-5.3285094000000015,-0.057295800000000015,86.92345818,0.52712136,-75.53878272
9.53,953,0.009000000000000001,-0.978,-0.021,-2.0053530000000004,-5.6149884000000005,-0.057295800000000015,86.90626943999996,0.52712136,-75.59607852
9.54,954,0.009000000000000001,-0.986,-0.017,-1.8907613999999997,-5.6722842,-0.1718874,86.91199902000002,0.53285094,-75.65337432
9.55,955,0.009000000000000001,-1.0,-0.018000000000000002,-2.2345362,-5.2139178,-0.286479,86.88908070000002,0.53858052,-75.70494054
9.56,956,0.009000000000000001,-1.024,-0.024,-2.86479,-4.8128472,-0.3437748,86.8604328,0.53858052,-75.75077718
9.57,957,0.008,-1.051,-0.031,-4.0680017999999984,-4.1252976000000015,-0.3437748,86.81459616,0.53858052,-75.79661381999998
9.58,958,0.006,-1.07,-0.041,-4.5263682,-3.6096354,0.0,86.76875952,0.53858052,-75.8309913
9.59,959,0.001,-1.069,-0.048,-4.1252976000000015,-3.3231564,0.4010706,86.70573413999998,0.52712136,-75.86536878
9.6,960,-0.003,-1.051,-0.051,-3.380452200000001,-2.6929026,0.6302538000000001,86.67135666,0.5156622000000001,-75.89401668000002
9.61,961,-0.011,-1.02,-0.051,-2.9220857999999996,-1.9480572,0.9167328,86.64270875999998,0.5042030399999999,-75.91120542
9.62,962,-0.014,-0.993,-0.055,-2.4064236,-1.3178034,1.0313244,86.61979044,0.4984734599999999,-75.92266457999997
9.63,963,-0.011,-0.975,-0.061,-2.1199446,-0.6875496,1.145916,86.59687212,0.48128472,-75.92839416000002
9.64,964,-0.005,-0.971,-0.063,-1.8907613999999997,-0.11459160000000004,1.2605076000000002,86.48801010000004,0.44690724,-75.93412373999998
9.65,965,0.0,-0.975,-0.057,-1.8907613999999997,0.1718874,1.3750992,86.46509178,0.43544808,-75.92839416000002
9.66,966,0.006999999999999999,-0.979,-0.049,-1.6615782,0.1718874,1.5469866,86.44790304,0.41825934,-75.92839416000002
9.67,967,0.011,-0.98,-0.046,-1.3750992,-0.4583664000000001,1.7761698,86.43644388,0.4010706000000001,-75.93412373999998
9.68,968,0.009000000000000001,-0.974,-0.045,-0.9740286,-1.6042823999999998,1.7188740000000002,86.42498472,0.38388186,-75.9455829
9.69,969,0.001,-0.968,-0.036000000000000004,-0.7448454000000001,-2.1199446,1.432395,86.43071429999998,0.35523396,-75.96850122000002
9.7,970,-0.01,-0.971,-0.029,-0.4583664000000001,-1.7761698,0.8594370000000001,86.42498472,0.3437748,-75.98568996
9.71,971,-0.018000000000000002,-0.983,-0.029,-0.8594370000000001,-0.7448454000000001,0.11459160000000004,86.41925513999998,0.3437748,-75.99141954000002
9.72,972,-0.018000000000000002,-0.994,-0.035,-1.7761698,0.057295800000000015,-0.3437748,86.39633682,0.3437748,-75.99141954000002
9.73,973,-0.013,-1.0,-0.041,-2.4637194,0.286479,-0.4583664000000001,86.37341849999999,0.34950438,-75.99141954000002
9.74,974,-0.003,-1.006,-0.051,-2.86479,0.3437748,-0.286479,86.28747480000001,0.35523396,-75.98568996
9.75,975,0.009000000000000001,-1.017,-0.061,-3.6096354,0.2291832000000001,0.0,86.24736774,0.35523396,-75.98568996
9.76,976,0.013,-1.036,-0.075,-4.1825934,-0.3437748,0.5156622000000001,86.20726068,0.34950438,-75.99141954000002
9.77,977,0.011,-1.0759999999999998,-0.087,-4.8128472,-0.6302538000000001,0.6875496,86.15569446,0.3437748,-75.99714911999997
9.78,978,0.004,-1.111,-0.093,-4.8128472,-0.8021411999999999,0.4583664000000001,86.10985782,0.33804522,-76.00287870000002
9.79,979,-0.001,-1.119,-0.093,-3.2085648,-0.9740286,-0.057295800000000015,86.02964370000002,0.33231564,-76.01433786
9.8,980,-0.006999999999999999,-1.106,-0.08900000000000001,-0.572958,-0.9167328,-0.4010706,86.02391412,0.33231564,-76.02579702
9.81,981,-0.01,-1.071,-0.081,1.3178034,-0.9740286,-0.572958,86.03537328,0.33804522,-76.03725618000001
9.82,982,-0.01,-1.024,-0.069,1.8907613999999997,-0.7448454000000001,-0.7448454000000001,86.05829159999998,0.34950438,-76.04298576
9.83,983,-0.008,-0.984,-0.061,1.8334656000000005,0.057295800000000015,-0.7448454000000001,86.07548034,0.35523396,-76.04298576
9.84,984,-0.006,-0.968,-0.067,0.9167328,1.2605076000000002,-0.6875496,85.99526621999998,0.33804522,-76.03152659999998
